0 0 0.000000
0 1 0.000000
0 2 0.000000
0 3 0.000000
0 4 0.000000
0 5 0.000000
0 6 0.000000
0 7 0.000000
0 8 0.000000
0 9 0.000000
0 10 0.000000
0 11 0.000000
0 12 0.000001
0 13 0.000001
0 14 0.000001
0 15 0.000002
0 16 0.000003
0 17 0.000004
0 18 0.000005
0 19 0.000007
0 20 0.000008
0 21 0.000011
0 22 0.000013
0 23 0.000016
0 24 0.000019
0 25 0.000022
0 26 0.000025
0 27 0.000028
0 28 0.000030
0 29 0.000033
0 30 0.000034
0 31 0.000035
0 32 0.000036
0 33 0.000035
0 34 0.000034
0 35 0.000033
0 36 0.000030
0 37 0.000028
0 38 0.000025
0 39 0.000022
0 40 0.000019
0 41 0.000016
0 42 0.000013
0 43 0.000011
0 44 0.000008
0 45 0.000007
0 46 0.000005
0 47 0.000004
0 48 0.000003
0 49 0.000002
0 50 0.000001
0 51 0.000001
0 52 0.000001
0 53 0.000000
0 54 0.000000
0 55 0.000000
0 56 0.000000
0 57 0.000000
0 58 0.000000
0 59 0.000000
0 60 0.000000
0 61 0.000000
0 62 0.000000
0 63 0.000000

1 0 0.000000
1 1 0.000000
1 2 0.000000
1 3 0.000000
1 4 0.000000
1 5 0.000000
1 6 0.000000
1 7 0.000000
1 8 0.000000
1 9 0.000000
1 10 0.000001
1 11 0.000001
1 12 0.000001
1 13 0.000002
1 14 0.000003
1 15 0.000004
1 16 0.000005
1 17 0.000007
1 18 0.000009
1 19 0.000012
1 20 0.000016
1 21 0.000020
1 22 0.000025
1 23 0.000030
1 24 0.000035
1 25 0.000041
1 26 0.000047
1 27 0.000052
1 28 0.000057
1 29 0.000061
1 30 0.000064
1 31 0.000066
1 32 0.000067
1 33 0.000066
1 34 0.000064
1 35 0.000061
1 36 0.000057
1 37 0.000052
1 38 0.000047
1 39 0.000041
1 40 0.000035
1 41 0.000030
1 42 0.000025
1 43 0.000020
1 44 0.000016
1 45 0.000012
1 46 0.000009
1 47 0.000007
1 48 0.000005
1 49 0.000004
1 50 0.000003
1 51 0.000002
1 52 0.000001
1 53 0.000001
1 54 0.000001
1 55 0.000000
1 56 0.000000
1 57 0.000000
1 58 0.000000
1 59 0.000000
1 60 0.000000
1 61 0.000000
1 62 0.000000
1 63 0.000000

2 0 0.000000
2 1 0.000000
2 2 0.000000
2 3 0.000000
2 4 0.000000
2 5 0.000000
2 6 0.000000
2 7 0.000000
2 8 0.000000
2 9 0.000001
2 10 0.000001
2 11 0.000002
2 12 0.000002
2 13 0.000003
2 14 0.000005
2 15 0.000007
2 16 0.000010
2 17 0.000013
2 18 0.000017
2 19 0.000023
2 20 0.000029
2 21 0.000037
2 22 0.000045
2 23 0.000055
2 24 0.000065
2 25 0.000076
2 26 0.000086
2 27 0.000096
2 28 0.000105
2 29 0.000113
2 30 0.000119
2 31 0.000122
2 32 0.000123
2 33 0.000122
2 34 0.000119
2 35 0.000113
2 36 0.000105
2 37 0.000096
2 38 0.000086
2 39 0.000076
2 40 0.000065
2 41 0.000055
2 42 0.000045
2 43 0.000037
2 44 0.000029
2 45 0.000023
2 46 0.000017
2 47 0.000013
2 48 0.000010
2 49 0.000007
2 50 0.000005
2 51 0.000003
2 52 0.000002
2 53 0.000002
2 54 0.000001
2 55 0.000001
2 56 0.000000
2 57 0.000000
2 58 0.000000
2 59 0.000000
2 60 0.000000
2 61 0.000000
2 62 0.000000
2 63 0.000000

3 0 0.000000
3 1 0.000000
3 2 0.000000
3 3 0.000000
3 4 0.000000
3 5 0.000000
3 6 0.000000
3 7 0.000000
3 8 0.000001
3 9 0.000001
3 10 0.000002
3 11 0.000003
3 12 0.000004
3 13 0.000006
3 14 0.000009
3 15 0.000012
3 16 0.000017
3 17 0.000023
3 18 0.000031
3 19 0.000041
3 20 0.000053
3 21 0.000066
3 22 0.000082
3 23 0.000099
3 24 0.000117
3 25 0.000136
3 26 0.000155
3 27 0.000173
3 28 0.000190
3 29 0.000203
3 30 0.000214
3 31 0.000220
3 32 0.000223
3 33 0.000220
3 34 0.000214
3 35 0.000203
3 36 0.000190
3 37 0.000173
3 38 0.000155
3 39 0.000136
3 40 0.000117
3 41 0.000099
3 42 0.000082
3 43 0.000066
3 44 0.000053
3 45 0.000041
3 46 0.000031
3 47 0.000023
3 48 0.000017
3 49 0.000012
3 50 0.000009
3 51 0.000006
3 52 0.000004
3 53 0.000003
3 54 0.000002
3 55 0.000001
3 56 0.000001
3 57 0.000000
3 58 0.000000
3 59 0.000000
3 60 0.000000
3 61 0.000000
3 62 0.000000
3 63 0.000000

4 0 0.000000
4 1 0.000000
4 2 0.000000
4 3 0.000000
4 4 0.000000
4 5 0.000000
4 6 0.000000
4 7 0.000001
4 8 0.000001
4 9 0.000002
4 10 0.000003
4 11 0.000005
4 12 0.000007
4 13 0.000011
4 14 0.000015
4 15 0.000022
4 16 0.000030
4 17 0.000041
4 18 0.000055
4 19 0.000073
4 20 0.000093
4 21 0.000117
4 22 0.000145
4 23 0.000175
4 24 0.000208
4 25 0.000241
4 26 0.000275
4 27 0.000307
4 28 0.000335
4 29 0.000360
4 30 0.000378
4 31 0.000390
4 32 0.000394
4 33 0.000390
4 34 0.000378
4 35 0.000360
4 36 0.000335
4 37 0.000307
4 38 0.000275
4 39 0.000241
4 40 0.000208
4 41 0.000175
4 42 0.000145
4 43 0.000117
4 44 0.000093
4 45 0.000073
4 46 0.000055
4 47 0.000041
4 48 0.000030
4 49 0.000022
4 50 0.000015
4 51 0.000011
4 52 0.000007
4 53 0.000005
4 54 0.000003
4 55 0.000002
4 56 0.000001
4 57 0.000001
4 58 0.000000
4 59 0.000000
4 60 0.000000
4 61 0.000000
4 62 0.000000
4 63 0.000000

5 0 0.000000
5 1 0.000000
5 2 0.000000
5 3 0.000000
5 4 0.000000
5 5 0.000000
5 6 0.000001
5 7 0.000001
5 8 0.000002
5 9 0.000003
5 10 0.000005
5 11 0.000008
5 12 0.000012
5 13 0.000018
5 14 0.000027
5 15 0.000038
5 16 0.000053
5 17 0.000072
5 18 0.000096
5 19 0.000126
5 20 0.000162
5 21 0.000203
5 22 0.000251
5 23 0.000304
5 24 0.000360
5 25 0.000418
5 26 0.000476
5 27 0.000531
5 28 0.000581
5 29 0.000624
5 30 0.000656
5 31 0.000676
5 32 0.000682
5 33 0.000676
5 34 0.000656
5 35 0.000624
5 36 0.000581
5 37 0.000531
5 38 0.000476
5 39 0.000418
5 40 0.000360
5 41 0.000304
5 42 0.000251
5 43 0.000203
5 44 0.000162
5 45 0.000126
5 46 0.000096
5 47 0.000072
5 48 0.000053
5 49 0.000038
5 50 0.000027
5 51 0.000018
5 52 0.000012
5 53 0.000008
5 54 0.000005
5 55 0.000003
5 56 0.000002
5 57 0.000001
5 58 0.000001
5 59 0.000000
5 60 0.000000
5 61 0.000000
5 62 0.000000
5 63 0.000000

6 0 0.000000
6 1 0.000000
6 2 0.000000
6 3 0.000000
6 4 0.000000
6 5 0.000001
6 6 0.000001
6 7 0.000002
6 8 0.000004
6 9 0.000006
6 10 0.000009
6 11 0.000014
6 12 0.000021
6 13 0.000031
6 14 0.000045
6 15 0.000064
6 16 0.000090
6 17 0.000122
6 18 0.000163
6 19 0.000214
6 20 0.000275
6 21 0.000346
6 22 0.000426
6 23 0.000516
6 24 0.000611
6 25 0.000710
6 26 0.000809
6 27 0.000903
6 28 0.000988
6 29 0.001059
6 30 0.001114
6 31 0.001148
6 32 0.001159
6 33 0.001148
6 34 0.001114
6 35 0.001059
6 36 0.000988
6 37 0.000903
6 38 0.000809
6 39 0.000710
6 40 0.000611
6 41 0.000516
6 42 0.000426
6 43 0.000346
6 44 0.000275
6 45 0.000214
6 46 0.000163
6 47 0.000122
6 48 0.000090
6 49 0.000064
6 50 0.000045
6 51 0.000031
6 52 0.000021
6 53 0.000014
6 54 0.000009
6 55 0.000006
6 56 0.000004
6 57 0.000002
6 58 0.000001
6 59 0.000001
6 60 0.000000
6 61 0.000000
6 62 0.000000
6 63 0.000000

7 0 0.000000
7 1 0.000000
7 2 0.000000
7 3 0.000000
7 4 0.000001
7 5 0.000001
7 6 0.000002
7 7 0.000004
7 8 0.000006
7 9 0.000010
7 10 0.000015
7 11 0.000023
7 12 0.000035
7 13 0.000052
7 14 0.000076
7 15 0.000107
7 16 0.000149
7 17 0.000203
7 18 0.000272
7 19 0.000356
7 20 0.000457
7 21 0.000576
7 22 0.000710
7 23 0.000859
7 24 0.001018
7 25 0.001183
7 26 0.001347
7 27 0.001503
7 28 0.001645
7 29 0.001764
7 30 0.001855
7 31 0.001911
7 32 0.001930
7 33 0.001911
7 34 0.001855
7 35 0.001764
7 36 0.001645
7 37 0.001503
7 38 0.001347
7 39 0.001183
7 40 0.001018
7 41 0.000859
7 42 0.000710
7 43 0.000576
7 44 0.000457
7 45 0.000356
7 46 0.000272
7 47 0.000203
7 48 0.000149
7 49 0.000107
7 50 0.000076
7 51 0.000052
7 52 0.000035
7 53 0.000023
7 54 0.000015
7 55 0.000010
7 56 0.000006
7 57 0.000004
7 58 0.000002
7 59 0.000001
7 60 0.000001
7 61 0.000000
7 62 0.000000
7 63 0.000000

8 0 0.000000
8 1 0.000000
8 2 0.000000
8 3 0.000001
8 4 0.000001
8 5 0.000002
8 6 0.000004
8 7 0.000006
8 8 0.000010
8 9 0.000016
8 10 0.000025
8 11 0.000038
8 12 0.000058
8 13 0.000085
8 14 0.000123
8 15 0.000175
8 16 0.000244
8 17 0.000332
8 18 0.000444
8 19 0.000581
8 20 0.000747
8 21 0.000940
8 22 0.001159
8 23 0.001402
8 24 0.001662
8 25 0.001930
8 26 0.002198
8 27 0.002454
8 28 0.002685
8 29 0.002880
8 30 0.003028
8 31 0.003120
8 32 0.003151
8 33 0.003120
8 34 0.003028
8 35 0.002880
8 36 0.002685
8 37 0.002454
8 38 0.002198
8 39 0.001930
8 40 0.001662
8 41 0.001402
8 42 0.001159
8 43 0.000940
8 44 0.000747
8 45 0.000581
8 46 0.000444
8 47 0.000332
8 48 0.000244
8 49 0.000175
8 50 0.000123
8 51 0.000085
8 52 0.000058
8 53 0.000038
8 54 0.000025
8 55 0.000016
8 56 0.000010
8 57 0.000006
8 58 0.000004
8 59 0.000002
8 60 0.000001
8 61 0.000001
8 62 0.000000
8 63 0.000000

9 0 0.000000
9 1 0.000000
9 2 0.000001
9 3 0.000001
9 4 0.000002
9 5 0.000003
9 6 0.000006
9 7 0.000010
9 8 0.000016
9 9 0.000025
9 10 0.000040
9 11 0.000061
9 12 0.000092
9 13 0.000136
9 14 0.000197
9 15 0.000280
9 16 0.000390
9 17 0.000531
9 18 0.000710
9 19 0.000930
9 20 0.001195
9 21 0.001503
9 22 0.001855
9 23 0.002243
9 24 0.002658
9 25 0.003089
9 26 0.003518
9 27 0.003927
9 28 0.004296
9 29 0.004608
9 30 0.004844
9 31 0.004992
9 32 0.005042
9 33 0.004992
9 34 0.004844
9 35 0.004608
9 36 0.004296
9 37 0.003927
9 38 0.003518
9 39 0.003089
9 40 0.002658
9 41 0.002243
9 42 0.001855
9 43 0.001503
9 44 0.001195
9 45 0.000930
9 46 0.000710
9 47 0.000531
9 48 0.000390
9 49 0.000280
9 50 0.000197
9 51 0.000136
9 52 0.000092
9 53 0.000061
9 54 0.000040
9 55 0.000025
9 56 0.000016
9 57 0.000010
9 58 0.000006
9 59 0.000003
9 60 0.000002
9 61 0.000001
9 62 0.000001
9 63 0.000000

10 0 0.000000
10 1 0.000001
10 2 0.000001
10 3 0.000002
10 4 0.000003
10 5 0.000005
10 6 0.000009
10 7 0.000015
10 8 0.000025
10 9 0.000040
10 10 0.000063
10 11 0.000096
10 12 0.000145
10 13 0.000214
10 14 0.000310
10 15 0.000439
10 16 0.000611
10 17 0.000833
10 18 0.001114
10 19 0.001459
10 20 0.001873
10 21 0.002358
10 22 0.002909
10 23 0.003518
10 24 0.004169
10 25 0.004844
10 26 0.005517
10 27 0.006158
10 28 0.006738
10 29 0.007227
10 30 0.007597
10 31 0.007828
10 32 0.007907
10 33 0.007828
10 34 0.007597
10 35 0.007227
10 36 0.006738
10 37 0.006158
10 38 0.005517
10 39 0.004844
10 40 0.004169
10 41 0.003518
10 42 0.002909
10 43 0.002358
10 44 0.001873
10 45 0.001459
10 46 0.001114
10 47 0.000833
10 48 0.000611
10 49 0.000439
10 50 0.000310
10 51 0.000214
10 52 0.000145
10 53 0.000096
10 54 0.000063
10 55 0.000040
10 56 0.000025
10 57 0.000015
10 58 0.000009
10 59 0.000005
10 60 0.000003
10 61 0.000002
10 62 0.000001
10 63 0.000001

11 0 0.000000
11 1 0.000001
11 2 0.000002
11 3 0.000003
11 4 0.000005
11 5 0.000008
11 6 0.000014
11 7 0.000023
11 8 0.000038
11 9 0.000061
11 10 0.000096
11 11 0.000148
11 12 0.000223
11 13 0.000329
11 14 0.000476
11 15 0.000676
11 16 0.000940
11 17 0.001281
11 18 0.001712
11 19 0.002243
11 20 0.002880
11 21 0.003625
11 22 0.004472
11 23 0.005407
11 24 0.006409
11 25 0.007447
11 26 0.008480
11 27 0.009466
11 28 0.010358
11 29 0.011109
11 30 0.011679
11 31 0.012034
11 32 0.012155
11 33 0.012034
11 34 0.011679
11 35 0.011109
11 36 0.010358
11 37 0.009466
11 38 0.008480
11 39 0.007447
11 40 0.006409
11 41 0.005407
11 42 0.004472
11 43 0.003625
11 44 0.002880
11 45 0.002243
11 46 0.001712
11 47 0.001281
11 48 0.000940
11 49 0.000676
11 50 0.000476
11 51 0.000329
11 52 0.000223
11 53 0.000148
11 54 0.000096
11 55 0.000061
11 56 0.000038
11 57 0.000023
11 58 0.000014
11 59 0.000008
11 60 0.000005
11 61 0.000003
11 62 0.000002
11 63 0.000001

12 0 0.000001
12 1 0.000001
12 2 0.000002
12 3 0.000004
12 4 0.000007
12 5 0.000012
12 6 0.000021
12 7 0.000035
12 8 0.000058
12 9 0.000092
12 10 0.000145
12 11 0.000223
12 12 0.000335
12 13 0.000495
12 14 0.000717
12 15 0.001018
12 16 0.001416
12 17 0.001930
12 18 0.002580
12 19 0.003380
12 20 0.004339
12 21 0.005462
12 22 0.006738
12 23 0.008148
12 24 0.009658
12 25 0.011221
12 26 0.012778
12 27 0.014264
12 28 0.015608
12 29 0.016739
12 30 0.017597
12 31 0.018133
12 32 0.018316
12 33 0.018133
12 34 0.017597
12 35 0.016739
12 36 0.015608
12 37 0.014264
12 38 0.012778
12 39 0.011221
12 40 0.009658
12 41 0.008148
12 42 0.006738
12 43 0.005462
12 44 0.004339
12 45 0.003380
12 46 0.002580
12 47 0.001930
12 48 0.001416
12 49 0.001018
12 50 0.000717
12 51 0.000495
12 52 0.000335
12 53 0.000223
12 54 0.000145
12 55 0.000092
12 56 0.000058
12 57 0.000035
12 58 0.000021
12 59 0.000012
12 60 0.000007
12 61 0.000004
12 62 0.000002
12 63 0.000001

13 0 0.000001
13 1 0.000002
13 2 0.000003
13 3 0.000006
13 4 0.000011
13 5 0.000018
13 6 0.000031
13 7 0.000052
13 8 0.000085
13 9 0.000136
13 10 0.000214
13 11 0.000329
13 12 0.000495
13 13 0.000732
13 14 0.001059
13 15 0.001503
13 16 0.002091
13 17 0.002851
13 18 0.003810
13 19 0.004992
13 20 0.006409
13 21 0.008067
13 22 0.009952
13 23 0.012034
13 24 0.014264
13 25 0.016573
13 26 0.018873
13 27 0.021068
13 28 0.023052
13 29 0.024724
13 30 0.025991
13 31 0.026783
13 32 0.027052
13 33 0.026783
13 34 0.025991
13 35 0.024724
13 36 0.023052
13 37 0.021068
13 38 0.018873
13 39 0.016573
13 40 0.014264
13 41 0.012034
13 42 0.009952
13 43 0.008067
13 44 0.006409
13 45 0.004992
13 46 0.003810
13 47 0.002851
13 48 0.002091
13 49 0.001503
13 50 0.001059
13 51 0.000732
13 52 0.000495
13 53 0.000329
13 54 0.000214
13 55 0.000136
13 56 0.000085
13 57 0.000052
13 58 0.000031
13 59 0.000018
13 60 0.000011
13 61 0.000006
13 62 0.000003
13 63 0.000002

14 0 0.000001
14 1 0.000003
14 2 0.000005
14 3 0.000009
14 4 0.000015
14 5 0.000027
14 6 0.000045
14 7 0.000076
14 8 0.000123
14 9 0.000197
14 10 0.000310
14 11 0.000476
14 12 0.000717
14 13 0.001059
14 14 0.001534
14 15 0.002177
14 16 0.003028
14 17 0.004128
14 18 0.005517
14 19 0.007227
14 20 0.009279
14 21 0.011679
14 22 0.014408
14 23 0.017422
14 24 0.020651
14 25 0.023993
14 26 0.027324
14 27 0.030501
14 28 0.033373
14 29 0.035793
14 30 0.037628
14 31 0.038774
14 32 0.039164
14 33 0.038774
14 34 0.037628
14 35 0.035793
14 36 0.033373
14 37 0.030501
14 38 0.027324
14 39 0.023993
14 40 0.020651
14 41 0.017422
14 42 0.014408
14 43 0.011679
14 44 0.009279
14 45 0.007227
14 46 0.005517
14 47 0.004128
14 48 0.003028
14 49 0.002177
14 50 0.001534
14 51 0.001059
14 52 0.000717
14 53 0.000476
14 54 0.000310
14 55 0.000197
14 56 0.000123
14 57 0.000076
14 58 0.000045
14 59 0.000027
14 60 0.000015
14 61 0.000009
14 62 0.000005
14 63 0.000003

15 0 0.000002
15 1 0.000004
15 2 0.000007
15 3 0.000012
15 4 0.000022
15 5 0.000038
15 6 0.000064
15 7 0.000107
15 8 0.000175
15 9 0.000280
15 10 0.000439
15 11 0.000676
15 12 0.001018
15 13 0.001503
15 14 0.002177
15 15 0.003089
15 16 0.004296
15 17 0.005858
15 18 0.007828
15 19 0.010255
15 20 0.013168
15 21 0.016573
15 22 0.020445
15 23 0.024724
15 24 0.029305
15 25 0.034047
15 26 0.038774
15 27 0.043283
15 28 0.047359
15 29 0.050793
15 30 0.053397
15 31 0.055023
15 32 0.055576
15 33 0.055023
15 34 0.053397
15 35 0.050793
15 36 0.047359
15 37 0.043283
15 38 0.038774
15 39 0.034047
15 40 0.029305
15 41 0.024724
15 42 0.020445
15 43 0.016573
15 44 0.013168
15 45 0.010255
15 46 0.007828
15 47 0.005858
15 48 0.004296
15 49 0.003089
15 50 0.002177
15 51 0.001503
15 52 0.001018
15 53 0.000676
15 54 0.000439
15 55 0.000280
15 56 0.000175
15 57 0.000107
15 58 0.000064
15 59 0.000038
15 60 0.000022
15 61 0.000012
15 62 0.000007
15 63 0.000004

16 0 0.000003
16 1 0.000005
16 2 0.000010
16 3 0.000017
16 4 0.000030
16 5 0.000053
16 6 0.000090
16 7 0.000149
16 8 0.000244
16 9 0.000390
16 10 0.000611
16 11 0.000940
16 12 0.001416
16 13 0.002091
16 14 0.003028
16 15 0.004296
16 16 0.005976
16 17 0.008148
16 18 0.010889
16 19 0.014264
16 20 0.018316
16 21 0.023052
16 22 0.028439
16 23 0.034390
16 24 0.040762
16 25 0.047359
16 26 0.053934
16 27 0.060205
16 28 0.065875
16 29 0.070651
16 30 0.074274
16 31 0.076536
16 32 0.077305
16 33 0.076536
16 34 0.074274
16 35 0.070651
16 36 0.065875
16 37 0.060205
16 38 0.053934
16 39 0.047359
16 40 0.040762
16 41 0.034390
16 42 0.028439
16 43 0.023052
16 44 0.018316
16 45 0.014264
16 46 0.010889
16 47 0.008148
16 48 0.005976
16 49 0.004296
16 50 0.003028
16 51 0.002091
16 52 0.001416
16 53 0.000940
16 54 0.000611
16 55 0.000390
16 56 0.000244
16 57 0.000149
16 58 0.000090
16 59 0.000053
16 60 0.000030
16 61 0.000017
16 62 0.000010
16 63 0.000005

17 0 0.000004
17 1 0.000007
17 2 0.000013
17 3 0.000023
17 4 0.000041
17 5 0.000072
17 6 0.000122
17 7 0.000203
17 8 0.000332
17 9 0.000531
17 10 0.000833
17 11 0.001281
17 12 0.001930
17 13 0.002851
17 14 0.004128
17 15 0.005858
17 16 0.008148
17 17 0.011109
17 18 0.014846
17 19 0.019448
17 20 0.024972
17 21 0.031430
17 22 0.038774
17 23 0.046888
17 24 0.055576
17 25 0.064570
17 26 0.073535
17 27 0.082085
17 28 0.089815
17 29 0.096328
17 30 0.101266
17 31 0.104350
17 32 0.105399
17 33 0.104350
17 34 0.101266
17 35 0.096328
17 36 0.089815
17 37 0.082085
17 38 0.073535
17 39 0.064570
17 40 0.055576
17 41 0.046888
17 42 0.038774
17 43 0.031430
17 44 0.024972
17 45 0.019448
17 46 0.014846
17 47 0.011109
17 48 0.008148
17 49 0.005858
17 50 0.004128
17 51 0.002851
17 52 0.001930
17 53 0.001281
17 54 0.000833
17 55 0.000531
17 56 0.000332
17 57 0.000203
17 58 0.000122
17 59 0.000072
17 60 0.000041
17 61 0.000023
17 62 0.000013
17 63 0.000007

18 0 0.000005
18 1 0.000009
18 2 0.000017
18 3 0.000031
18 4 0.000055
18 5 0.000096
18 6 0.000163
18 7 0.000272
18 8 0.000444
18 9 0.000710
18 10 0.001114
18 11 0.001712
18 12 0.002580
18 13 0.003810
18 14 0.005517
18 15 0.007828
18 16 0.010889
18 17 0.014846
18 18 0.019841
18 19 0.025991
18 20 0.033373
18 21 0.042004
18 22 0.051819
18 23 0.062662
18 24 0.074274
18 25 0.086294
18 26 0.098274
18 27 0.109701
18 28 0.120032
18 29 0.128735
18 30 0.135335
18 31 0.139457
18 32 0.140858
18 33 0.139457
18 34 0.135335
18 35 0.128735
18 36 0.120032
18 37 0.109701
18 38 0.098274
18 39 0.086294
18 40 0.074274
18 41 0.062662
18 42 0.051819
18 43 0.042004
18 44 0.033373
18 45 0.025991
18 46 0.019841
18 47 0.014846
18 48 0.010889
18 49 0.007828
18 50 0.005517
18 51 0.003810
18 52 0.002580
18 53 0.001712
18 54 0.001114
18 55 0.000710
18 56 0.000444
18 57 0.000272
18 58 0.000163
18 59 0.000096
18 60 0.000055
18 61 0.000031
18 62 0.000017
18 63 0.000009

19 0 0.000007
19 1 0.000012
19 2 0.000023
19 3 0.000041
19 4 0.000073
19 5 0.000126
19 6 0.000214
19 7 0.000356
19 8 0.000581
19 9 0.000930
19 10 0.001459
19 11 0.002243
19 12 0.003380
19 13 0.004992
19 14 0.007227
19 15 0.010255
19 16 0.014264
19 17 0.019448
19 18 0.025991
19 19 0.034047
19 20 0.043718
19 21 0.055023
19 22 0.067881
19 23 0.082085
19 24 0.097296
19 25 0.113042
19 26 0.128735
19 27 0.143704
19 28 0.157237
19 29 0.168638
19 30 0.177284
19 31 0.182684
19 32 0.184520
19 33 0.182684
19 34 0.177284
19 35 0.168638
19 36 0.157237
19 37 0.143704
19 38 0.128735
19 39 0.113042
19 40 0.097296
19 41 0.082085
19 42 0.067881
19 43 0.055023
19 44 0.043718
19 45 0.034047
19 46 0.025991
19 47 0.019448
19 48 0.014264
19 49 0.010255
19 50 0.007227
19 51 0.004992
19 52 0.003380
19 53 0.002243
19 54 0.001459
19 55 0.000930
19 56 0.000581
19 57 0.000356
19 58 0.000214
19 59 0.000126
19 60 0.000073
19 61 0.000041
19 62 0.000023
19 63 0.000012

20 0 0.000008
20 1 0.000016
20 2 0.000029
20 3 0.000053
20 4 0.000093
20 5 0.000162
20 6 0.000275
20 7 0.000457
20 8 0.000747
20 9 0.001195
20 10 0.001873
20 11 0.002880
20 12 0.004339
20 13 0.006409
20 14 0.009279
20 15 0.013168
20 16 0.018316
20 17 0.024972
20 18 0.033373
20 19 0.043718
20 20 0.056135
20 21 0.070651
20 22 0.087161
20 23 0.105399
20 24 0.124930
20 25 0.145148
20 26 0.165299
20 27 0.184520
20 28 0.201897
20 29 0.216536
20 30 0.227638
20 31 0.234570
20 32 0.236928
20 33 0.234570
20 34 0.227638
20 35 0.216536
20 36 0.201897
20 37 0.184520
20 38 0.165299
20 39 0.145148
20 40 0.124930
20 41 0.105399
20 42 0.087161
20 43 0.070651
20 44 0.056135
20 45 0.043718
20 46 0.033373
20 47 0.024972
20 48 0.018316
20 49 0.013168
20 50 0.009279
20 51 0.006409
20 52 0.004339
20 53 0.002880
20 54 0.001873
20 55 0.001195
20 56 0.000747
20 57 0.000457
20 58 0.000275
20 59 0.000162
20 60 0.000093
20 61 0.000053
20 62 0.000029
20 63 0.000016

21 0 0.000011
21 1 0.000020
21 2 0.000037
21 3 0.000066
21 4 0.000117
21 5 0.000203
21 6 0.000346
21 7 0.000576
21 8 0.000940
21 9 0.001503
21 10 0.002358
21 11 0.003625
21 12 0.005462
21 13 0.008067
21 14 0.011679
21 15 0.016573
21 16 0.023052
21 17 0.031430
21 18 0.042004
21 19 0.055023
21 20 0.070651
21 21 0.088922
21 22 0.109701
21 23 0.132655
21 24 0.157237
21 25 0.182684
21 26 0.208045
21 27 0.232236
21 28 0.254107
21 29 0.272532
21 30 0.286505
21 31 0.295230
21 32 0.298197
21 33 0.295230
21 34 0.286505
21 35 0.272532
21 36 0.254107
21 37 0.232236
21 38 0.208045
21 39 0.182684
21 40 0.157237
21 41 0.132655
21 42 0.109701
21 43 0.088922
21 44 0.070651
21 45 0.055023
21 46 0.042004
21 47 0.031430
21 48 0.023052
21 49 0.016573
21 50 0.011679
21 51 0.008067
21 52 0.005462
21 53 0.003625
21 54 0.002358
21 55 0.001503
21 56 0.000940
21 57 0.000576
21 58 0.000346
21 59 0.000203
21 60 0.000117
21 61 0.000066
21 62 0.000037
21 63 0.000020

22 0 0.000013
22 1 0.000025
22 2 0.000045
22 3 0.000082
22 4 0.000145
22 5 0.000251
22 6 0.000426
22 7 0.000710
22 8 0.001159
22 9 0.001855
22 10 0.002909
22 11 0.004472
22 12 0.006738
22 13 0.009952
22 14 0.014408
22 15 0.020445
22 16 0.028439
22 17 0.038774
22 18 0.051819
22 19 0.067881
22 20 0.087161
22 21 0.109701
22 22 0.135335
22 23 0.163654
22 24 0.193980
22 25 0.225373
22 26 0.256661
22 27 0.286505
22 28 0.313486
22 29 0.336216
22 30 0.353455
22 31 0.364219
22 32 0.367879
22 33 0.364219
22 34 0.353455
22 35 0.336216
22 36 0.313486
22 37 0.286505
22 38 0.256661
22 39 0.225373
22 40 0.193980
22 41 0.163654
22 42 0.135335
22 43 0.109701
22 44 0.087161
22 45 0.067881
22 46 0.051819
22 47 0.038774
22 48 0.028439
22 49 0.020445
22 50 0.014408
22 51 0.009952
22 52 0.006738
22 53 0.004472
22 54 0.002909
22 55 0.001855
22 56 0.001159
22 57 0.000710
22 58 0.000426
22 59 0.000251
22 60 0.000145
22 61 0.000082
22 62 0.000045
22 63 0.000025

23 0 0.000016
23 1 0.000030
23 2 0.000055
23 3 0.000099
23 4 0.000175
23 5 0.000304
23 6 0.000516
23 7 0.000859
23 8 0.001402
23 9 0.002243
23 10 0.003518
23 11 0.005407
23 12 0.008148
23 13 0.012034
23 14 0.017422
23 15 0.024724
23 16 0.034390
23 17 0.046888
23 18 0.062662
23 19 0.082085
23 20 0.105399
23 21 0.132655
23 22 0.163654
23 23 0.197899
23 24 0.234570
23 25 0.272532
23 26 0.310367
23 27 0.346456
23 28 0.379083
23 29 0.406570
23 30 0.427415
23 31 0.440432
23 32 0.444858
23 33 0.440432
23 34 0.427415
23 35 0.406570
23 36 0.379083
23 37 0.346456
23 38 0.310367
23 39 0.272532
23 40 0.234570
23 41 0.197899
23 42 0.163654
23 43 0.132655
23 44 0.105399
23 45 0.082085
23 46 0.062662
23 47 0.046888
23 48 0.034390
23 49 0.024724
23 50 0.017422
23 51 0.012034
23 52 0.008148
23 53 0.005407
23 54 0.003518
23 55 0.002243
23 56 0.001402
23 57 0.000859
23 58 0.000516
23 59 0.000304
23 60 0.000175
23 61 0.000099
23 62 0.000055
23 63 0.000030

24 0 0.000019
24 1 0.000035
24 2 0.000065
24 3 0.000117
24 4 0.000208
24 5 0.000360
24 6 0.000611
24 7 0.001018
24 8 0.001662
24 9 0.002658
24 10 0.004169
24 11 0.006409
24 12 0.009658
24 13 0.014264
24 14 0.020651
24 15 0.029305
24 16 0.040762
24 17 0.055576
24 18 0.074274
24 19 0.097296
24 20 0.124930
24 21 0.157237
24 22 0.193980
24 23 0.234570
24 24 0.278037
24 25 0.323033
24 26 0.367879
24 27 0.410656
24 28 0.449329
24 29 0.481909
24 30 0.506617
24 31 0.522046
24 32 0.527292
24 33 0.522046
24 34 0.506617
24 35 0.481909
24 36 0.449329
24 37 0.410656
24 38 0.367879
24 39 0.323033
24 40 0.278037
24 41 0.234570
24 42 0.193980
24 43 0.157237
24 44 0.124930
24 45 0.097296
24 46 0.074274
24 47 0.055576
24 48 0.040762
24 49 0.029305
24 50 0.020651
24 51 0.014264
24 52 0.009658
24 53 0.006409
24 54 0.004169
24 55 0.002658
24 56 0.001662
24 57 0.001018
24 58 0.000611
24 59 0.000360
24 60 0.000208
24 61 0.000117
24 62 0.000065
24 63 0.000035

25 0 0.000022
25 1 0.000041
25 2 0.000076
25 3 0.000136
25 4 0.000241
25 5 0.000418
25 6 0.000710
25 7 0.001183
25 8 0.001930
25 9 0.003089
25 10 0.004844
25 11 0.007447
25 12 0.011221
25 13 0.016573
25 14 0.023993
25 15 0.034047
25 16 0.047359
25 17 0.064570
25 18 0.086294
25 19 0.113042
25 20 0.145148
25 21 0.182684
25 22 0.225373
25 23 0.272532
25 24 0.323033
25 25 0.375311
25 26 0.427415
25 27 0.477114
25 28 0.522046
25 29 0.559898
25 30 0.588605
25 31 0.606531
25 32 0.612626
25 33 0.606531
25 34 0.588605
25 35 0.559898
25 36 0.522046
25 37 0.477114
25 38 0.427415
25 39 0.375311
25 40 0.323033
25 41 0.272532
25 42 0.225373
25 43 0.182684
25 44 0.145148
25 45 0.113042
25 46 0.086294
25 47 0.064570
25 48 0.047359
25 49 0.034047
25 50 0.023993
25 51 0.016573
25 52 0.011221
25 53 0.007447
25 54 0.004844
25 55 0.003089
25 56 0.001930
25 57 0.001183
25 58 0.000710
25 59 0.000418
25 60 0.000241
25 61 0.000136
25 62 0.000076
25 63 0.000041

26 0 0.000025
26 1 0.000047
26 2 0.000086
26 3 0.000155
26 4 0.000275
26 5 0.000476
26 6 0.000809
26 7 0.001347
26 8 0.002198
26 9 0.003518
26 10 0.005517
26 11 0.008480
26 12 0.012778
26 13 0.018873
26 14 0.027324
26 15 0.038774
26 16 0.053934
26 17 0.073535
26 18 0.098274
26 19 0.128735
26 20 0.165299
26 21 0.208045
26 22 0.256661
26 23 0.310367
26 24 0.367879
26 25 0.427415
26 26 0.486752
26 27 0.543351
26 28 0.594521
26 29 0.637628
26 30 0.670320
26 31 0.690734
26 32 0.697676
26 33 0.690734
26 34 0.670320
26 35 0.637628
26 36 0.594521
26 37 0.543351
26 38 0.486752
26 39 0.427415
26 40 0.367879
26 41 0.310367
26 42 0.256661
26 43 0.208045
26 44 0.165299
26 45 0.128735
26 46 0.098274
26 47 0.073535
26 48 0.053934
26 49 0.038774
26 50 0.027324
26 51 0.018873
26 52 0.012778
26 53 0.008480
26 54 0.005517
26 55 0.003518
26 56 0.002198
26 57 0.001347
26 58 0.000809
26 59 0.000476
26 60 0.000275
26 61 0.000155
26 62 0.000086
26 63 0.000047

27 0 0.000028
27 1 0.000052
27 2 0.000096
27 3 0.000173
27 4 0.000307
27 5 0.000531
27 6 0.000903
27 7 0.001503
27 8 0.002454
27 9 0.003927
27 10 0.006158
27 11 0.009466
27 12 0.014264
27 13 0.021068
27 14 0.030501
27 15 0.043283
27 16 0.060205
27 17 0.082085
27 18 0.109701
27 19 0.143704
27 20 0.184520
27 21 0.232236
27 22 0.286505
27 23 0.346456
27 24 0.410656
27 25 0.477114
27 26 0.543351
27 27 0.606531
27 28 0.663650
27 29 0.711770
27 30 0.748264
27 31 0.771052
27 32 0.778801
27 33 0.771052
27 34 0.748264
27 35 0.711770
27 36 0.663650
27 37 0.606531
27 38 0.543351
27 39 0.477114
27 40 0.410656
27 41 0.346456
27 42 0.286505
27 43 0.232236
27 44 0.184520
27 45 0.143704
27 46 0.109701
27 47 0.082085
27 48 0.060205
27 49 0.043283
27 50 0.030501
27 51 0.021068
27 52 0.014264
27 53 0.009466
27 54 0.006158
27 55 0.003927
27 56 0.002454
27 57 0.001503
27 58 0.000903
27 59 0.000531
27 60 0.000307
27 61 0.000173
27 62 0.000096
27 63 0.000052

28 0 0.000030
28 1 0.000057
28 2 0.000105
28 3 0.000190
28 4 0.000335
28 5 0.000581
28 6 0.000988
28 7 0.001645
28 8 0.002685
28 9 0.004296
28 10 0.006738
28 11 0.010358
28 12 0.015608
28 13 0.023052
28 14 0.033373
28 15 0.047359
28 16 0.065875
28 17 0.089815
28 18 0.120032
28 19 0.157237
28 20 0.201897
28 21 0.254107
28 22 0.313486
28 23 0.379083
28 24 0.449329
28 25 0.522046
28 26 0.594521
28 27 0.663650
28 28 0.726149
28 29 0.778801
28 30 0.818731
28 31 0.843665
28 32 0.852144
28 33 0.843665
28 34 0.818731
28 35 0.778801
28 36 0.726149
28 37 0.663650
28 38 0.594521
28 39 0.522046
28 40 0.449329
28 41 0.379083
28 42 0.313486
28 43 0.254107
28 44 0.201897
28 45 0.157237
28 46 0.120032
28 47 0.089815
28 48 0.065875
28 49 0.047359
28 50 0.033373
28 51 0.023052
28 52 0.015608
28 53 0.010358
28 54 0.006738
28 55 0.004296
28 56 0.002685
28 57 0.001645
28 58 0.000988
28 59 0.000581
28 60 0.000335
28 61 0.000190
28 62 0.000105
28 63 0.000057

29 0 0.000033
29 1 0.000061
29 2 0.000113
29 3 0.000203
29 4 0.000360
29 5 0.000624
29 6 0.001059
29 7 0.001764
29 8 0.002880
29 9 0.004608
29 10 0.007227
29 11 0.011109
29 12 0.016739
29 13 0.024724
29 14 0.035793
29 15 0.050793
29 16 0.070651
29 17 0.096328
29 18 0.128735
29 19 0.168638
29 20 0.216536
29 21 0.272532
29 22 0.336216
29 23 0.406570
29 24 0.481909
29 25 0.559898
29 26 0.637628
29 27 0.711770
29 28 0.778801
29 29 0.835270
29 30 0.878095
29 31 0.904837
29 32 0.913931
29 33 0.904837
29 34 0.878095
29 35 0.835270
29 36 0.778801
29 37 0.711770
29 38 0.637628
29 39 0.559898
29 40 0.481909
29 41 0.406570
29 42 0.336216
29 43 0.272532
29 44 0.216536
29 45 0.168638
29 46 0.128735
29 47 0.096328
29 48 0.070651
29 49 0.050793
29 50 0.035793
29 51 0.024724
29 52 0.016739
29 53 0.011109
29 54 0.007227
29 55 0.004608
29 56 0.002880
29 57 0.001764
29 58 0.001059
29 59 0.000624
29 60 0.000360
29 61 0.000203
29 62 0.000113
29 63 0.000061

30 0 0.000034
30 1 0.000064
30 2 0.000119
30 3 0.000214
30 4 0.000378
30 5 0.000656
30 6 0.001114
30 7 0.001855
30 8 0.003028
30 9 0.004844
30 10 0.007597
30 11 0.011679
30 12 0.017597
30 13 0.025991
30 14 0.037628
30 15 0.053397
30 16 0.074274
30 17 0.101266
30 18 0.135335
30 19 0.177284
30 20 0.227638
30 21 0.286505
30 22 0.353455
30 23 0.427415
30 24 0.506617
30 25 0.588605
30 26 0.670320
30 27 0.748264
30 28 0.818731
30 29 0.878095
30 30 0.923116
30 31 0.951229
30 32 0.960789
30 33 0.951229
30 34 0.923116
30 35 0.878095
30 36 0.818731
30 37 0.748264
30 38 0.670320
30 39 0.588605
30 40 0.506617
30 41 0.427415
30 42 0.353455
30 43 0.286505
30 44 0.227638
30 45 0.177284
30 46 0.135335
30 47 0.101266
30 48 0.074274
30 49 0.053397
30 50 0.037628
30 51 0.025991
30 52 0.017597
30 53 0.011679
30 54 0.007597
30 55 0.004844
30 56 0.003028
30 57 0.001855
30 58 0.001114
30 59 0.000656
30 60 0.000378
30 61 0.000214
30 62 0.000119
30 63 0.000064

31 0 0.000035
31 1 0.000066
31 2 0.000122
31 3 0.000220
31 4 0.000390
31 5 0.000676
31 6 0.001148
31 7 0.001911
31 8 0.003120
31 9 0.004992
31 10 0.007828
31 11 0.012034
31 12 0.018133
31 13 0.026783
31 14 0.038774
31 15 0.055023
31 16 0.076536
31 17 0.104350
31 18 0.139457
31 19 0.182684
31 20 0.234570
31 21 0.295230
31 22 0.364219
31 23 0.440432
31 24 0.522046
31 25 0.606531
31 26 0.690734
31 27 0.771052
31 28 0.843665
31 29 0.904837
31 30 0.951229
31 31 0.980199
31 32 0.990050
31 33 0.980199
31 34 0.951229
31 35 0.904837
31 36 0.843665
31 37 0.771052
31 38 0.690734
31 39 0.606531
31 40 0.522046
31 41 0.440432
31 42 0.364219
31 43 0.295230
31 44 0.234570
31 45 0.182684
31 46 0.139457
31 47 0.104350
31 48 0.076536
31 49 0.055023
31 50 0.038774
31 51 0.026783
31 52 0.018133
31 53 0.012034
31 54 0.007828
31 55 0.004992
31 56 0.003120
31 57 0.001911
31 58 0.001148
31 59 0.000676
31 60 0.000390
31 61 0.000220
31 62 0.000122
31 63 0.000066

32 0 0.000036
32 1 0.000067
32 2 0.000123
32 3 0.000223
32 4 0.000394
32 5 0.000682
32 6 0.001159
32 7 0.001930
32 8 0.003151
32 9 0.005042
32 10 0.007907
32 11 0.012155
32 12 0.018316
32 13 0.027052
32 14 0.039164
32 15 0.055576
32 16 0.077305
32 17 0.105399
32 18 0.140858
32 19 0.184520
32 20 0.236928
32 21 0.298197
32 22 0.367879
32 23 0.444858
32 24 0.527292
32 25 0.612626
32 26 0.697676
32 27 0.778801
32 28 0.852144
32 29 0.913931
32 30 0.960789
32 31 0.990050
32 32 1.000000
32 33 0.990050
32 34 0.960789
32 35 0.913931
32 36 0.852144
32 37 0.778801
32 38 0.697676
32 39 0.612626
32 40 0.527292
32 41 0.444858
32 42 0.367879
32 43 0.298197
32 44 0.236928
32 45 0.184520
32 46 0.140858
32 47 0.105399
32 48 0.077305
32 49 0.055576
32 50 0.039164
32 51 0.027052
32 52 0.018316
32 53 0.012155
32 54 0.007907
32 55 0.005042
32 56 0.003151
32 57 0.001930
32 58 0.001159
32 59 0.000682
32 60 0.000394
32 61 0.000223
32 62 0.000123
32 63 0.000067

33 0 0.000035
33 1 0.000066
33 2 0.000122
33 3 0.000220
33 4 0.000390
33 5 0.000676
33 6 0.001148
33 7 0.001911
33 8 0.003120
33 9 0.004992
33 10 0.007828
33 11 0.012034
33 12 0.018133
33 13 0.026783
33 14 0.038774
33 15 0.055023
33 16 0.076536
33 17 0.104350
33 18 0.139457
33 19 0.182684
33 20 0.234570
33 21 0.295230
33 22 0.364219
33 23 0.440432
33 24 0.522046
33 25 0.606531
33 26 0.690734
33 27 0.771052
33 28 0.843665
33 29 0.904837
33 30 0.951229
33 31 0.980199
33 32 0.990050
33 33 0.980199
33 34 0.951229
33 35 0.904837
33 36 0.843665
33 37 0.771052
33 38 0.690734
33 39 0.606531
33 40 0.522046
33 41 0.440432
33 42 0.364219
33 43 0.295230
33 44 0.234570
33 45 0.182684
33 46 0.139457
33 47 0.104350
33 48 0.076536
33 49 0.055023
33 50 0.038774
33 51 0.026783
33 52 0.018133
33 53 0.012034
33 54 0.007828
33 55 0.004992
33 56 0.003120
33 57 0.001911
33 58 0.001148
33 59 0.000676
33 60 0.000390
33 61 0.000220
33 62 0.000122
33 63 0.000066

34 0 0.000034
34 1 0.000064
34 2 0.000119
34 3 0.000214
34 4 0.000378
34 5 0.000656
34 6 0.001114
34 7 0.001855
34 8 0.003028
34 9 0.004844
34 10 0.007597
34 11 0.011679
34 12 0.017597
34 13 0.025991
34 14 0.037628
34 15 0.053397
34 16 0.074274
34 17 0.101266
34 18 0.135335
34 19 0.177284
34 20 0.227638
34 21 0.286505
34 22 0.353455
34 23 0.427415
34 24 0.506617
34 25 0.588605
34 26 0.670320
34 27 0.748264
34 28 0.818731
34 29 0.878095
34 30 0.923116
34 31 0.951229
34 32 0.960789
34 33 0.951229
34 34 0.923116
34 35 0.878095
34 36 0.818731
34 37 0.748264
34 38 0.670320
34 39 0.588605
34 40 0.506617
34 41 0.427415
34 42 0.353455
34 43 0.286505
34 44 0.227638
34 45 0.177284
34 46 0.135335
34 47 0.101266
34 48 0.074274
34 49 0.053397
34 50 0.037628
34 51 0.025991
34 52 0.017597
34 53 0.011679
34 54 0.007597
34 55 0.004844
34 56 0.003028
34 57 0.001855
34 58 0.001114
34 59 0.000656
34 60 0.000378
34 61 0.000214
34 62 0.000119
34 63 0.000064

35 0 0.000033
35 1 0.000061
35 2 0.000113
35 3 0.000203
35 4 0.000360
35 5 0.000624
35 6 0.001059
35 7 0.001764
35 8 0.002880
35 9 0.004608
35 10 0.007227
35 11 0.011109
35 12 0.016739
35 13 0.024724
35 14 0.035793
35 15 0.050793
35 16 0.070651
35 17 0.096328
35 18 0.128735
35 19 0.168638
35 20 0.216536
35 21 0.272532
35 22 0.336216
35 23 0.406570
35 24 0.481909
35 25 0.559898
35 26 0.637628
35 27 0.711770
35 28 0.778801
35 29 0.835270
35 30 0.878095
35 31 0.904837
35 32 0.913931
35 33 0.904837
35 34 0.878095
35 35 0.835270
35 36 0.778801
35 37 0.711770
35 38 0.637628
35 39 0.559898
35 40 0.481909
35 41 0.406570
35 42 0.336216
35 43 0.272532
35 44 0.216536
35 45 0.168638
35 46 0.128735
35 47 0.096328
35 48 0.070651
35 49 0.050793
35 50 0.035793
35 51 0.024724
35 52 0.016739
35 53 0.011109
35 54 0.007227
35 55 0.004608
35 56 0.002880
35 57 0.001764
35 58 0.001059
35 59 0.000624
35 60 0.000360
35 61 0.000203
35 62 0.000113
35 63 0.000061

36 0 0.000030
36 1 0.000057
36 2 0.000105
36 3 0.000190
36 4 0.000335
36 5 0.000581
36 6 0.000988
36 7 0.001645
36 8 0.002685
36 9 0.004296
36 10 0.006738
36 11 0.010358
36 12 0.015608
36 13 0.023052
36 14 0.033373
36 15 0.047359
36 16 0.065875
36 17 0.089815
36 18 0.120032
36 19 0.157237
36 20 0.201897
36 21 0.254107
36 22 0.313486
36 23 0.379083
36 24 0.449329
36 25 0.522046
36 26 0.594521
36 27 0.663650
36 28 0.726149
36 29 0.778801
36 30 0.818731
36 31 0.843665
36 32 0.852144
36 33 0.843665
36 34 0.818731
36 35 0.778801
36 36 0.726149
36 37 0.663650
36 38 0.594521
36 39 0.522046
36 40 0.449329
36 41 0.379083
36 42 0.313486
36 43 0.254107
36 44 0.201897
36 45 0.157237
36 46 0.120032
36 47 0.089815
36 48 0.065875
36 49 0.047359
36 50 0.033373
36 51 0.023052
36 52 0.015608
36 53 0.010358
36 54 0.006738
36 55 0.004296
36 56 0.002685
36 57 0.001645
36 58 0.000988
36 59 0.000581
36 60 0.000335
36 61 0.000190
36 62 0.000105
36 63 0.000057

37 0 0.000028
37 1 0.000052
37 2 0.000096
37 3 0.000173
37 4 0.000307
37 5 0.000531
37 6 0.000903
37 7 0.001503
37 8 0.002454
37 9 0.003927
37 10 0.006158
37 11 0.009466
37 12 0.014264
37 13 0.021068
37 14 0.030501
37 15 0.043283
37 16 0.060205
37 17 0.082085
37 18 0.109701
37 19 0.143704
37 20 0.184520
37 21 0.232236
37 22 0.286505
37 23 0.346456
37 24 0.410656
37 25 0.477114
37 26 0.543351
37 27 0.606531
37 28 0.663650
37 29 0.711770
37 30 0.748264
37 31 0.771052
37 32 0.778801
37 33 0.771052
37 34 0.748264
37 35 0.711770
37 36 0.663650
37 37 0.606531
37 38 0.543351
37 39 0.477114
37 40 0.410656
37 41 0.346456
37 42 0.286505
37 43 0.232236
37 44 0.184520
37 45 0.143704
37 46 0.109701
37 47 0.082085
37 48 0.060205
37 49 0.043283
37 50 0.030501
37 51 0.021068
37 52 0.014264
37 53 0.009466
37 54 0.006158
37 55 0.003927
37 56 0.002454
37 57 0.001503
37 58 0.000903
37 59 0.000531
37 60 0.000307
37 61 0.000173
37 62 0.000096
37 63 0.000052

38 0 0.000025
38 1 0.000047
38 2 0.000086
38 3 0.000155
38 4 0.000275
38 5 0.000476
38 6 0.000809
38 7 0.001347
38 8 0.002198
38 9 0.003518
38 10 0.005517
38 11 0.008480
38 12 0.012778
38 13 0.018873
38 14 0.027324
38 15 0.038774
38 16 0.053934
38 17 0.073535
38 18 0.098274
38 19 0.128735
38 20 0.165299
38 21 0.208045
38 22 0.256661
38 23 0.310367
38 24 0.367879
38 25 0.427415
38 26 0.486752
38 27 0.543351
38 28 0.594521
38 29 0.637628
38 30 0.670320
38 31 0.690734
38 32 0.697676
38 33 0.690734
38 34 0.670320
38 35 0.637628
38 36 0.594521
38 37 0.543351
38 38 0.486752
38 39 0.427415
38 40 0.367879
38 41 0.310367
38 42 0.256661
38 43 0.208045
38 44 0.165299
38 45 0.128735
38 46 0.098274
38 47 0.073535
38 48 0.053934
38 49 0.038774
38 50 0.027324
38 51 0.018873
38 52 0.012778
38 53 0.008480
38 54 0.005517
38 55 0.003518
38 56 0.002198
38 57 0.001347
38 58 0.000809
38 59 0.000476
38 60 0.000275
38 61 0.000155
38 62 0.000086
38 63 0.000047

39 0 0.000022
39 1 0.000041
39 2 0.000076
39 3 0.000136
39 4 0.000241
39 5 0.000418
39 6 0.000710
39 7 0.001183
39 8 0.001930
39 9 0.003089
39 10 0.004844
39 11 0.007447
39 12 0.011221
39 13 0.016573
39 14 0.023993
39 15 0.034047
39 16 0.047359
39 17 0.064570
39 18 0.086294
39 19 0.113042
39 20 0.145148
39 21 0.182684
39 22 0.225373
39 23 0.272532
39 24 0.323033
39 25 0.375311
39 26 0.427415
39 27 0.477114
39 28 0.522046
39 29 0.559898
39 30 0.588605
39 31 0.606531
39 32 0.612626
39 33 0.606531
39 34 0.588605
39 35 0.559898
39 36 0.522046
39 37 0.477114
39 38 0.427415
39 39 0.375311
39 40 0.323033
39 41 0.272532
39 42 0.225373
39 43 0.182684
39 44 0.145148
39 45 0.113042
39 46 0.086294
39 47 0.064570
39 48 0.047359
39 49 0.034047
39 50 0.023993
39 51 0.016573
39 52 0.011221
39 53 0.007447
39 54 0.004844
39 55 0.003089
39 56 0.001930
39 57 0.001183
39 58 0.000710
39 59 0.000418
39 60 0.000241
39 61 0.000136
39 62 0.000076
39 63 0.000041

40 0 0.000019
40 1 0.000035
40 2 0.000065
40 3 0.000117
40 4 0.000208
40 5 0.000360
40 6 0.000611
40 7 0.001018
40 8 0.001662
40 9 0.002658
40 10 0.004169
40 11 0.006409
40 12 0.009658
40 13 0.014264
40 14 0.020651
40 15 0.029305
40 16 0.040762
40 17 0.055576
40 18 0.074274
40 19 0.097296
40 20 0.124930
40 21 0.157237
40 22 0.193980
40 23 0.234570
40 24 0.278037
40 25 0.323033
40 26 0.367879
40 27 0.410656
40 28 0.449329
40 29 0.481909
40 30 0.506617
40 31 0.522046
40 32 0.527292
40 33 0.522046
40 34 0.506617
40 35 0.481909
40 36 0.449329
40 37 0.410656
40 38 0.367879
40 39 0.323033
40 40 0.278037
40 41 0.234570
40 42 0.193980
40 43 0.157237
40 44 0.124930
40 45 0.097296
40 46 0.074274
40 47 0.055576
40 48 0.040762
40 49 0.029305
40 50 0.020651
40 51 0.014264
40 52 0.009658
40 53 0.006409
40 54 0.004169
40 55 0.002658
40 56 0.001662
40 57 0.001018
40 58 0.000611
40 59 0.000360
40 60 0.000208
40 61 0.000117
40 62 0.000065
40 63 0.000035

41 0 0.000016
41 1 0.000030
41 2 0.000055
41 3 0.000099
41 4 0.000175
41 5 0.000304
41 6 0.000516
41 7 0.000859
41 8 0.001402
41 9 0.002243
41 10 0.003518
41 11 0.005407
41 12 0.008148
41 13 0.012034
41 14 0.017422
41 15 0.024724
41 16 0.034390
41 17 0.046888
41 18 0.062662
41 19 0.082085
41 20 0.105399
41 21 0.132655
41 22 0.163654
41 23 0.197899
41 24 0.234570
41 25 0.272532
41 26 0.310367
41 27 0.346456
41 28 0.379083
41 29 0.406570
41 30 0.427415
41 31 0.440432
41 32 0.444858
41 33 0.440432
41 34 0.427415
41 35 0.406570
41 36 0.379083
41 37 0.346456
41 38 0.310367
41 39 0.272532
41 40 0.234570
41 41 0.197899
41 42 0.163654
41 43 0.132655
41 44 0.105399
41 45 0.082085
41 46 0.062662
41 47 0.046888
41 48 0.034390
41 49 0.024724
41 50 0.017422
41 51 0.012034
41 52 0.008148
41 53 0.005407
41 54 0.003518
41 55 0.002243
41 56 0.001402
41 57 0.000859
41 58 0.000516
41 59 0.000304
41 60 0.000175
41 61 0.000099
41 62 0.000055
41 63 0.000030

42 0 0.000013
42 1 0.000025
42 2 0.000045
42 3 0.000082
42 4 0.000145
42 5 0.000251
42 6 0.000426
42 7 0.000710
42 8 0.001159
42 9 0.001855
42 10 0.002909
42 11 0.004472
42 12 0.006738
42 13 0.009952
42 14 0.014408
42 15 0.020445
42 16 0.028439
42 17 0.038774
42 18 0.051819
42 19 0.067881
42 20 0.087161
42 21 0.109701
42 22 0.135335
42 23 0.163654
42 24 0.193980
42 25 0.225373
42 26 0.256661
42 27 0.286505
42 28 0.313486
42 29 0.336216
42 30 0.353455
42 31 0.364219
42 32 0.367879
42 33 0.364219
42 34 0.353455
42 35 0.336216
42 36 0.313486
42 37 0.286505
42 38 0.256661
42 39 0.225373
42 40 0.193980
42 41 0.163654
42 42 0.135335
42 43 0.109701
42 44 0.087161
42 45 0.067881
42 46 0.051819
42 47 0.038774
42 48 0.028439
42 49 0.020445
42 50 0.014408
42 51 0.009952
42 52 0.006738
42 53 0.004472
42 54 0.002909
42 55 0.001855
42 56 0.001159
42 57 0.000710
42 58 0.000426
42 59 0.000251
42 60 0.000145
42 61 0.000082
42 62 0.000045
42 63 0.000025

43 0 0.000011
43 1 0.000020
43 2 0.000037
43 3 0.000066
43 4 0.000117
43 5 0.000203
43 6 0.000346
43 7 0.000576
43 8 0.000940
43 9 0.001503
43 10 0.002358
43 11 0.003625
43 12 0.005462
43 13 0.008067
43 14 0.011679
43 15 0.016573
43 16 0.023052
43 17 0.031430
43 18 0.042004
43 19 0.055023
43 20 0.070651
43 21 0.088922
43 22 0.109701
43 23 0.132655
43 24 0.157237
43 25 0.182684
43 26 0.208045
43 27 0.232236
43 28 0.254107
43 29 0.272532
43 30 0.286505
43 31 0.295230
43 32 0.298197
43 33 0.295230
43 34 0.286505
43 35 0.272532
43 36 0.254107
43 37 0.232236
43 38 0.208045
43 39 0.182684
43 40 0.157237
43 41 0.132655
43 42 0.109701
43 43 0.088922
43 44 0.070651
43 45 0.055023
43 46 0.042004
43 47 0.031430
43 48 0.023052
43 49 0.016573
43 50 0.011679
43 51 0.008067
43 52 0.005462
43 53 0.003625
43 54 0.002358
43 55 0.001503
43 56 0.000940
43 57 0.000576
43 58 0.000346
43 59 0.000203
43 60 0.000117
43 61 0.000066
43 62 0.000037
43 63 0.000020

44 0 0.000008
44 1 0.000016
44 2 0.000029
44 3 0.000053
44 4 0.000093
44 5 0.000162
44 6 0.000275
44 7 0.000457
44 8 0.000747
44 9 0.001195
44 10 0.001873
44 11 0.002880
44 12 0.004339
44 13 0.006409
44 14 0.009279
44 15 0.013168
44 16 0.018316
44 17 0.024972
44 18 0.033373
44 19 0.043718
44 20 0.056135
44 21 0.070651
44 22 0.087161
44 23 0.105399
44 24 0.124930
44 25 0.145148
44 26 0.165299
44 27 0.184520
44 28 0.201897
44 29 0.216536
44 30 0.227638
44 31 0.234570
44 32 0.236928
44 33 0.234570
44 34 0.227638
44 35 0.216536
44 36 0.201897
44 37 0.184520
44 38 0.165299
44 39 0.145148
44 40 0.124930
44 41 0.105399
44 42 0.087161
44 43 0.070651
44 44 0.056135
44 45 0.043718
44 46 0.033373
44 47 0.024972
44 48 0.018316
44 49 0.013168
44 50 0.009279
44 51 0.006409
44 52 0.004339
44 53 0.002880
44 54 0.001873
44 55 0.001195
44 56 0.000747
44 57 0.000457
44 58 0.000275
44 59 0.000162
44 60 0.000093
44 61 0.000053
44 62 0.000029
44 63 0.000016

45 0 0.000007
45 1 0.000012
45 2 0.000023
45 3 0.000041
45 4 0.000073
45 5 0.000126
45 6 0.000214
45 7 0.000356
45 8 0.000581
45 9 0.000930
45 10 0.001459
45 11 0.002243
45 12 0.003380
45 13 0.004992
45 14 0.007227
45 15 0.010255
45 16 0.014264
45 17 0.019448
45 18 0.025991
45 19 0.034047
45 20 0.043718
45 21 0.055023
45 22 0.067881
45 23 0.082085
45 24 0.097296
45 25 0.113042
45 26 0.128735
45 27 0.143704
45 28 0.157237
45 29 0.168638
45 30 0.177284
45 31 0.182684
45 32 0.184520
45 33 0.182684
45 34 0.177284
45 35 0.168638
45 36 0.157237
45 37 0.143704
45 38 0.128735
45 39 0.113042
45 40 0.097296
45 41 0.082085
45 42 0.067881
45 43 0.055023
45 44 0.043718
45 45 0.034047
45 46 0.025991
45 47 0.019448
45 48 0.014264
45 49 0.010255
45 50 0.007227
45 51 0.004992
45 52 0.003380
45 53 0.002243
45 54 0.001459
45 55 0.000930
45 56 0.000581
45 57 0.000356
45 58 0.000214
45 59 0.000126
45 60 0.000073
45 61 0.000041
45 62 0.000023
45 63 0.000012

46 0 0.000005
46 1 0.000009
46 2 0.000017
46 3 0.000031
46 4 0.000055
46 5 0.000096
46 6 0.000163
46 7 0.000272
46 8 0.000444
46 9 0.000710
46 10 0.001114
46 11 0.001712
46 12 0.002580
46 13 0.003810
46 14 0.005517
46 15 0.007828
46 16 0.010889
46 17 0.014846
46 18 0.019841
46 19 0.025991
46 20 0.033373
46 21 0.042004
46 22 0.051819
46 23 0.062662
46 24 0.074274
46 25 0.086294
46 26 0.098274
46 27 0.109701
46 28 0.120032
46 29 0.128735
46 30 0.135335
46 31 0.139457
46 32 0.140858
46 33 0.139457
46 34 0.135335
46 35 0.128735
46 36 0.120032
46 37 0.109701
46 38 0.098274
46 39 0.086294
46 40 0.074274
46 41 0.062662
46 42 0.051819
46 43 0.042004
46 44 0.033373
46 45 0.025991
46 46 0.019841
46 47 0.014846
46 48 0.010889
46 49 0.007828
46 50 0.005517
46 51 0.003810
46 52 0.002580
46 53 0.001712
46 54 0.001114
46 55 0.000710
46 56 0.000444
46 57 0.000272
46 58 0.000163
46 59 0.000096
46 60 0.000055
46 61 0.000031
46 62 0.000017
46 63 0.000009

47 0 0.000004
47 1 0.000007
47 2 0.000013
47 3 0.000023
47 4 0.000041
47 5 0.000072
47 6 0.000122
47 7 0.000203
47 8 0.000332
47 9 0.000531
47 10 0.000833
47 11 0.001281
47 12 0.001930
47 13 0.002851
47 14 0.004128
47 15 0.005858
47 16 0.008148
47 17 0.011109
47 18 0.014846
47 19 0.019448
47 20 0.024972
47 21 0.031430
47 22 0.038774
47 23 0.046888
47 24 0.055576
47 25 0.064570
47 26 0.073535
47 27 0.082085
47 28 0.089815
47 29 0.096328
47 30 0.101266
47 31 0.104350
47 32 0.105399
47 33 0.104350
47 34 0.101266
47 35 0.096328
47 36 0.089815
47 37 0.082085
47 38 0.073535
47 39 0.064570
47 40 0.055576
47 41 0.046888
47 42 0.038774
47 43 0.031430
47 44 0.024972
47 45 0.019448
47 46 0.014846
47 47 0.011109
47 48 0.008148
47 49 0.005858
47 50 0.004128
47 51 0.002851
47 52 0.001930
47 53 0.001281
47 54 0.000833
47 55 0.000531
47 56 0.000332
47 57 0.000203
47 58 0.000122
47 59 0.000072
47 60 0.000041
47 61 0.000023
47 62 0.000013
47 63 0.000007

48 0 0.000003
48 1 0.000005
48 2 0.000010
48 3 0.000017
48 4 0.000030
48 5 0.000053
48 6 0.000090
48 7 0.000149
48 8 0.000244
48 9 0.000390
48 10 0.000611
48 11 0.000940
48 12 0.001416
48 13 0.002091
48 14 0.003028
48 15 0.004296
48 16 0.005976
48 17 0.008148
48 18 0.010889
48 19 0.014264
48 20 0.018316
48 21 0.023052
48 22 0.028439
48 23 0.034390
48 24 0.040762
48 25 0.047359
48 26 0.053934
48 27 0.060205
48 28 0.065875
48 29 0.070651
48 30 0.074274
48 31 0.076536
48 32 0.077305
48 33 0.076536
48 34 0.074274
48 35 0.070651
48 36 0.065875
48 37 0.060205
48 38 0.053934
48 39 0.047359
48 40 0.040762
48 41 0.034390
48 42 0.028439
48 43 0.023052
48 44 0.018316
48 45 0.014264
48 46 0.010889
48 47 0.008148
48 48 0.005976
48 49 0.004296
48 50 0.003028
48 51 0.002091
48 52 0.001416
48 53 0.000940
48 54 0.000611
48 55 0.000390
48 56 0.000244
48 57 0.000149
48 58 0.000090
48 59 0.000053
48 60 0.000030
48 61 0.000017
48 62 0.000010
48 63 0.000005

49 0 0.000002
49 1 0.000004
49 2 0.000007
49 3 0.000012
49 4 0.000022
49 5 0.000038
49 6 0.000064
49 7 0.000107
49 8 0.000175
49 9 0.000280
49 10 0.000439
49 11 0.000676
49 12 0.001018
49 13 0.001503
49 14 0.002177
49 15 0.003089
49 16 0.004296
49 17 0.005858
49 18 0.007828
49 19 0.010255
49 20 0.013168
49 21 0.016573
49 22 0.020445
49 23 0.024724
49 24 0.029305
49 25 0.034047
49 26 0.038774
49 27 0.043283
49 28 0.047359
49 29 0.050793
49 30 0.053397
49 31 0.055023
49 32 0.055576
49 33 0.055023
49 34 0.053397
49 35 0.050793
49 36 0.047359
49 37 0.043283
49 38 0.038774
49 39 0.034047
49 40 0.029305
49 41 0.024724
49 42 0.020445
49 43 0.016573
49 44 0.013168
49 45 0.010255
49 46 0.007828
49 47 0.005858
49 48 0.004296
49 49 0.003089
49 50 0.002177
49 51 0.001503
49 52 0.001018
49 53 0.000676
49 54 0.000439
49 55 0.000280
49 56 0.000175
49 57 0.000107
49 58 0.000064
49 59 0.000038
49 60 0.000022
49 61 0.000012
49 62 0.000007
49 63 0.000004

50 0 0.000001
50 1 0.000003
50 2 0.000005
50 3 0.000009
50 4 0.000015
50 5 0.000027
50 6 0.000045
50 7 0.000076
50 8 0.000123
50 9 0.000197
50 10 0.000310
50 11 0.000476
50 12 0.000717
50 13 0.001059
50 14 0.001534
50 15 0.002177
50 16 0.003028
50 17 0.004128
50 18 0.005517
50 19 0.007227
50 20 0.009279
50 21 0.011679
50 22 0.014408
50 23 0.017422
50 24 0.020651
50 25 0.023993
50 26 0.027324
50 27 0.030501
50 28 0.033373
50 29 0.035793
50 30 0.037628
50 31 0.038774
50 32 0.039164
50 33 0.038774
50 34 0.037628
50 35 0.035793
50 36 0.033373
50 37 0.030501
50 38 0.027324
50 39 0.023993
50 40 0.020651
50 41 0.017422
50 42 0.014408
50 43 0.011679
50 44 0.009279
50 45 0.007227
50 46 0.005517
50 47 0.004128
50 48 0.003028
50 49 0.002177
50 50 0.001534
50 51 0.001059
50 52 0.000717
50 53 0.000476
50 54 0.000310
50 55 0.000197
50 56 0.000123
50 57 0.000076
50 58 0.000045
50 59 0.000027
50 60 0.000015
50 61 0.000009
50 62 0.000005
50 63 0.000003

51 0 0.000001
51 1 0.000002
51 2 0.000003
51 3 0.000006
51 4 0.000011
51 5 0.000018
51 6 0.000031
51 7 0.000052
51 8 0.000085
51 9 0.000136
51 10 0.000214
51 11 0.000329
51 12 0.000495
51 13 0.000732
51 14 0.001059
51 15 0.001503
51 16 0.002091
51 17 0.002851
51 18 0.003810
51 19 0.004992
51 20 0.006409
51 21 0.008067
51 22 0.009952
51 23 0.012034
51 24 0.014264
51 25 0.016573
51 26 0.018873
51 27 0.021068
51 28 0.023052
51 29 0.024724
51 30 0.025991
51 31 0.026783
51 32 0.027052
51 33 0.026783
51 34 0.025991
51 35 0.024724
51 36 0.023052
51 37 0.021068
51 38 0.018873
51 39 0.016573
51 40 0.014264
51 41 0.012034
51 42 0.009952
51 43 0.008067
51 44 0.006409
51 45 0.004992
51 46 0.003810
51 47 0.002851
51 48 0.002091
51 49 0.001503
51 50 0.001059
51 51 0.000732
51 52 0.000495
51 53 0.000329
51 54 0.000214
51 55 0.000136
51 56 0.000085
51 57 0.000052
51 58 0.000031
51 59 0.000018
51 60 0.000011
51 61 0.000006
51 62 0.000003
51 63 0.000002

52 0 0.000001
52 1 0.000001
52 2 0.000002
52 3 0.000004
52 4 0.000007
52 5 0.000012
52 6 0.000021
52 7 0.000035
52 8 0.000058
52 9 0.000092
52 10 0.000145
52 11 0.000223
52 12 0.000335
52 13 0.000495
52 14 0.000717
52 15 0.001018
52 16 0.001416
52 17 0.001930
52 18 0.002580
52 19 0.003380
52 20 0.004339
52 21 0.005462
52 22 0.006738
52 23 0.008148
52 24 0.009658
52 25 0.011221
52 26 0.012778
52 27 0.014264
52 28 0.015608
52 29 0.016739
52 30 0.017597
52 31 0.018133
52 32 0.018316
52 33 0.018133
52 34 0.017597
52 35 0.016739
52 36 0.015608
52 37 0.014264
52 38 0.012778
52 39 0.011221
52 40 0.009658
52 41 0.008148
52 42 0.006738
52 43 0.005462
52 44 0.004339
52 45 0.003380
52 46 0.002580
52 47 0.001930
52 48 0.001416
52 49 0.001018
52 50 0.000717
52 51 0.000495
52 52 0.000335
52 53 0.000223
52 54 0.000145
52 55 0.000092
52 56 0.000058
52 57 0.000035
52 58 0.000021
52 59 0.000012
52 60 0.000007
52 61 0.000004
52 62 0.000002
52 63 0.000001

53 0 0.000000
53 1 0.000001
53 2 0.000002
53 3 0.000003
53 4 0.000005
53 5 0.000008
53 6 0.000014
53 7 0.000023
53 8 0.000038
53 9 0.000061
53 10 0.000096
53 11 0.000148
53 12 0.000223
53 13 0.000329
53 14 0.000476
53 15 0.000676
53 16 0.000940
53 17 0.001281
53 18 0.001712
53 19 0.002243
53 20 0.002880
53 21 0.003625
53 22 0.004472
53 23 0.005407
53 24 0.006409
53 25 0.007447
53 26 0.008480
53 27 0.009466
53 28 0.010358
53 29 0.011109
53 30 0.011679
53 31 0.012034
53 32 0.012155
53 33 0.012034
53 34 0.011679
53 35 0.011109
53 36 0.010358
53 37 0.009466
53 38 0.008480
53 39 0.007447
53 40 0.006409
53 41 0.005407
53 42 0.004472
53 43 0.003625
53 44 0.002880
53 45 0.002243
53 46 0.001712
53 47 0.001281
53 48 0.000940
53 49 0.000676
53 50 0.000476
53 51 0.000329
53 52 0.000223
53 53 0.000148
53 54 0.000096
53 55 0.000061
53 56 0.000038
53 57 0.000023
53 58 0.000014
53 59 0.000008
53 60 0.000005
53 61 0.000003
53 62 0.000002
53 63 0.000001

54 0 0.000000
54 1 0.000001
54 2 0.000001
54 3 0.000002
54 4 0.000003
54 5 0.000005
54 6 0.000009
54 7 0.000015
54 8 0.000025
54 9 0.000040
54 10 0.000063
54 11 0.000096
54 12 0.000145
54 13 0.000214
54 14 0.000310
54 15 0.000439
54 16 0.000611
54 17 0.000833
54 18 0.001114
54 19 0.001459
54 20 0.001873
54 21 0.002358
54 22 0.002909
54 23 0.003518
54 24 0.004169
54 25 0.004844
54 26 0.005517
54 27 0.006158
54 28 0.006738
54 29 0.007227
54 30 0.007597
54 31 0.007828
54 32 0.007907
54 33 0.007828
54 34 0.007597
54 35 0.007227
54 36 0.006738
54 37 0.006158
54 38 0.005517
54 39 0.004844
54 40 0.004169
54 41 0.003518
54 42 0.002909
54 43 0.002358
54 44 0.001873
54 45 0.001459
54 46 0.001114
54 47 0.000833
54 48 0.000611
54 49 0.000439
54 50 0.000310
54 51 0.000214
54 52 0.000145
54 53 0.000096
54 54 0.000063
54 55 0.000040
54 56 0.000025
54 57 0.000015
54 58 0.000009
54 59 0.000005
54 60 0.000003
54 61 0.000002
54 62 0.000001
54 63 0.000001

55 0 0.000000
55 1 0.000000
55 2 0.000001
55 3 0.000001
55 4 0.000002
55 5 0.000003
55 6 0.000006
55 7 0.000010
55 8 0.000016
55 9 0.000025
55 10 0.000040
55 11 0.000061
55 12 0.000092
55 13 0.000136
55 14 0.000197
55 15 0.000280
55 16 0.000390
55 17 0.000531
55 18 0.000710
55 19 0.000930
55 20 0.001195
55 21 0.001503
55 22 0.001855
55 23 0.002243
55 24 0.002658
55 25 0.003089
55 26 0.003518
55 27 0.003927
55 28 0.004296
55 29 0.004608
55 30 0.004844
55 31 0.004992
55 32 0.005042
55 33 0.004992
55 34 0.004844
55 35 0.004608
55 36 0.004296
55 37 0.003927
55 38 0.003518
55 39 0.003089
55 40 0.002658
55 41 0.002243
55 42 0.001855
55 43 0.001503
55 44 0.001195
55 45 0.000930
55 46 0.000710
55 47 0.000531
55 48 0.000390
55 49 0.000280
55 50 0.000197
55 51 0.000136
55 52 0.000092
55 53 0.000061
55 54 0.000040
55 55 0.000025
55 56 0.000016
55 57 0.000010
55 58 0.000006
55 59 0.000003
55 60 0.000002
55 61 0.000001
55 62 0.000001
55 63 0.000000

56 0 0.000000
56 1 0.000000
56 2 0.000000
56 3 0.000001
56 4 0.000001
56 5 0.000002
56 6 0.000004
56 7 0.000006
56 8 0.000010
56 9 0.000016
56 10 0.000025
56 11 0.000038
56 12 0.000058
56 13 0.000085
56 14 0.000123
56 15 0.000175
56 16 0.000244
56 17 0.000332
56 18 0.000444
56 19 0.000581
56 20 0.000747
56 21 0.000940
56 22 0.001159
56 23 0.001402
56 24 0.001662
56 25 0.001930
56 26 0.002198
56 27 0.002454
56 28 0.002685
56 29 0.002880
56 30 0.003028
56 31 0.003120
56 32 0.003151
56 33 0.003120
56 34 0.003028
56 35 0.002880
56 36 0.002685
56 37 0.002454
56 38 0.002198
56 39 0.001930
56 40 0.001662
56 41 0.001402
56 42 0.001159
56 43 0.000940
56 44 0.000747
56 45 0.000581
56 46 0.000444
56 47 0.000332
56 48 0.000244
56 49 0.000175
56 50 0.000123
56 51 0.000085
56 52 0.000058
56 53 0.000038
56 54 0.000025
56 55 0.000016
56 56 0.000010
56 57 0.000006
56 58 0.000004
56 59 0.000002
56 60 0.000001
56 61 0.000001
56 62 0.000000
56 63 0.000000

57 0 0.000000
57 1 0.000000
57 2 0.000000
57 3 0.000000
57 4 0.000001
57 5 0.000001
57 6 0.000002
57 7 0.000004
57 8 0.000006
57 9 0.000010
57 10 0.000015
57 11 0.000023
57 12 0.000035
57 13 0.000052
57 14 0.000076
57 15 0.000107
57 16 0.000149
57 17 0.000203
57 18 0.000272
57 19 0.000356
57 20 0.000457
57 21 0.000576
57 22 0.000710
57 23 0.000859
57 24 0.001018
57 25 0.001183
57 26 0.001347
57 27 0.001503
57 28 0.001645
57 29 0.001764
57 30 0.001855
57 31 0.001911
57 32 0.001930
57 33 0.001911
57 34 0.001855
57 35 0.001764
57 36 0.001645
57 37 0.001503
57 38 0.001347
57 39 0.001183
57 40 0.001018
57 41 0.000859
57 42 0.000710
57 43 0.000576
57 44 0.000457
57 45 0.000356
57 46 0.000272
57 47 0.000203
57 48 0.000149
57 49 0.000107
57 50 0.000076
57 51 0.000052
57 52 0.000035
57 53 0.000023
57 54 0.000015
57 55 0.000010
57 56 0.000006
57 57 0.000004
57 58 0.000002
57 59 0.000001
57 60 0.000001
57 61 0.000000
57 62 0.000000
57 63 0.000000

58 0 0.000000
58 1 0.000000
58 2 0.000000
58 3 0.000000
58 4 0.000000
58 5 0.000001
58 6 0.000001
58 7 0.000002
58 8 0.000004
58 9 0.000006
58 10 0.000009
58 11 0.000014
58 12 0.000021
58 13 0.000031
58 14 0.000045
58 15 0.000064
58 16 0.000090
58 17 0.000122
58 18 0.000163
58 19 0.000214
58 20 0.000275
58 21 0.000346
58 22 0.000426
58 23 0.000516
58 24 0.000611
58 25 0.000710
58 26 0.000809
58 27 0.000903
58 28 0.000988
58 29 0.001059
58 30 0.001114
58 31 0.001148
58 32 0.001159
58 33 0.001148
58 34 0.001114
58 35 0.001059
58 36 0.000988
58 37 0.000903
58 38 0.000809
58 39 0.000710
58 40 0.000611
58 41 0.000516
58 42 0.000426
58 43 0.000346
58 44 0.000275
58 45 0.000214
58 46 0.000163
58 47 0.000122
58 48 0.000090
58 49 0.000064
58 50 0.000045
58 51 0.000031
58 52 0.000021
58 53 0.000014
58 54 0.000009
58 55 0.000006
58 56 0.000004
58 57 0.000002
58 58 0.000001
58 59 0.000001
58 60 0.000000
58 61 0.000000
58 62 0.000000
58 63 0.000000

59 0 0.000000
59 1 0.000000
59 2 0.000000
59 3 0.000000
59 4 0.000000
59 5 0.000000
59 6 0.000001
59 7 0.000001
59 8 0.000002
59 9 0.000003
59 10 0.000005
59 11 0.000008
59 12 0.000012
59 13 0.000018
59 14 0.000027
59 15 0.000038
59 16 0.000053
59 17 0.000072
59 18 0.000096
59 19 0.000126
59 20 0.000162
59 21 0.000203
59 22 0.000251
59 23 0.000304
59 24 0.000360
59 25 0.000418
59 26 0.000476
59 27 0.000531
59 28 0.000581
59 29 0.000624
59 30 0.000656
59 31 0.000676
59 32 0.000682
59 33 0.000676
59 34 0.000656
59 35 0.000624
59 36 0.000581
59 37 0.000531
59 38 0.000476
59 39 0.000418
59 40 0.000360
59 41 0.000304
59 42 0.000251
59 43 0.000203
59 44 0.000162
59 45 0.000126
59 46 0.000096
59 47 0.000072
59 48 0.000053
59 49 0.000038
59 50 0.000027
59 51 0.000018
59 52 0.000012
59 53 0.000008
59 54 0.000005
59 55 0.000003
59 56 0.000002
59 57 0.000001
59 58 0.000001
59 59 0.000000
59 60 0.000000
59 61 0.000000
59 62 0.000000
59 63 0.000000

60 0 0.000000
60 1 0.000000
60 2 0.000000
60 3 0.000000
60 4 0.000000
60 5 0.000000
60 6 0.000000
60 7 0.000001
60 8 0.000001
60 9 0.000002
60 10 0.000003
60 11 0.000005
60 12 0.000007
60 13 0.000011
60 14 0.000015
60 15 0.000022
60 16 0.000030
60 17 0.000041
60 18 0.000055
60 19 0.000073
60 20 0.000093
60 21 0.000117
60 22 0.000145
60 23 0.000175
60 24 0.000208
60 25 0.000241
60 26 0.000275
60 27 0.000307
60 28 0.000335
60 29 0.000360
60 30 0.000378
60 31 0.000390
60 32 0.000394
60 33 0.000390
60 34 0.000378
60 35 0.000360
60 36 0.000335
60 37 0.000307
60 38 0.000275
60 39 0.000241
60 40 0.000208
60 41 0.000175
60 42 0.000145
60 43 0.000117
60 44 0.000093
60 45 0.000073
60 46 0.000055
60 47 0.000041
60 48 0.000030
60 49 0.000022
60 50 0.000015
60 51 0.000011
60 52 0.000007
60 53 0.000005
60 54 0.000003
60 55 0.000002
60 56 0.000001
60 57 0.000001
60 58 0.000000
60 59 0.000000
60 60 0.000000
60 61 0.000000
60 62 0.000000
60 63 0.000000

61 0 0.000000
61 1 0.000000
61 2 0.000000
61 3 0.000000
61 4 0.000000
61 5 0.000000
61 6 0.000000
61 7 0.000000
61 8 0.000001
61 9 0.000001
61 10 0.000002
61 11 0.000003
61 12 0.000004
61 13 0.000006
61 14 0.000009
61 15 0.000012
61 16 0.000017
61 17 0.000023
61 18 0.000031
61 19 0.000041
61 20 0.000053
61 21 0.000066
61 22 0.000082
61 23 0.000099
61 24 0.000117
61 25 0.000136
61 26 0.000155
61 27 0.000173
61 28 0.000190
61 29 0.000203
61 30 0.000214
61 31 0.000220
61 32 0.000223
61 33 0.000220
61 34 0.000214
61 35 0.000203
61 36 0.000190
61 37 0.000173
61 38 0.000155
61 39 0.000136
61 40 0.000117
61 41 0.000099
61 42 0.000082
61 43 0.000066
61 44 0.000053
61 45 0.000041
61 46 0.000031
61 47 0.000023
61 48 0.000017
61 49 0.000012
61 50 0.000009
61 51 0.000006
61 52 0.000004
61 53 0.000003
61 54 0.000002
61 55 0.000001
61 56 0.000001
61 57 0.000000
61 58 0.000000
61 59 0.000000
61 60 0.000000
61 61 0.000000
61 62 0.000000
61 63 0.000000

62 0 0.000000
62 1 0.000000
62 2 0.000000
62 3 0.000000
62 4 0.000000
62 5 0.000000
62 6 0.000000
62 7 0.000000
62 8 0.000000
62 9 0.000001
62 10 0.000001
62 11 0.000002
62 12 0.000002
62 13 0.000003
62 14 0.000005
62 15 0.000007
62 16 0.000010
62 17 0.000013
62 18 0.000017
62 19 0.000023
62 20 0.000029
62 21 0.000037
62 22 0.000045
62 23 0.000055
62 24 0.000065
62 25 0.000076
62 26 0.000086
62 27 0.000096
62 28 0.000105
62 29 0.000113
62 30 0.000119
62 31 0.000122
62 32 0.000123
62 33 0.000122
62 34 0.000119
62 35 0.000113
62 36 0.000105
62 37 0.000096
62 38 0.000086
62 39 0.000076
62 40 0.000065
62 41 0.000055
62 42 0.000045
62 43 0.000037
62 44 0.000029
62 45 0.000023
62 46 0.000017
62 47 0.000013
62 48 0.000010
62 49 0.000007
62 50 0.000005
62 51 0.000003
62 52 0.000002
62 53 0.000002
62 54 0.000001
62 55 0.000001
62 56 0.000000
62 57 0.000000
62 58 0.000000
62 59 0.000000
62 60 0.000000
62 61 0.000000
62 62 0.000000
62 63 0.000000

63 0 0.000000
63 1 0.000000
63 2 0.000000
63 3 0.000000
63 4 0.000000
63 5 0.000000
63 6 0.000000
63 7 0.000000
63 8 0.000000
63 9 0.000000
63 10 0.000001
63 11 0.000001
63 12 0.000001
63 13 0.000002
63 14 0.000003
63 15 0.000004
63 16 0.000005
63 17 0.000007
63 18 0.000009
63 19 0.000012
63 20 0.000016
63 21 0.000020
63 22 0.000025
63 23 0.000030
63 24 0.000035
63 25 0.000041
63 26 0.000047
63 27 0.000052
63 28 0.000057
63 29 0.000061
63 30 0.000064
63 31 0.000066
63 32 0.000067
63 33 0.000066
63 34 0.000064
63 35 0.000061
63 36 0.000057
63 37 0.000052
63 38 0.000047
63 39 0.000041
63 40 0.000035
63 41 0.000030
63 42 0.000025
63 43 0.000020
63 44 0.000016
63 45 0.000012
63 46 0.000009
63 47 0.000007
63 48 0.000005
63 49 0.000004
63 50 0.000003
63 51 0.000002
63 52 0.000001
63 53 0.000001
63 54 0.000001
63 55 0.000000
63 56 0.000000
63 57 0.000000
63 58 0.000000
63 59 0.000000
63 60 0.000000
63 61 0.000000
63 62 0.000000
63 63 0.000000

