0 0 0.000000
0 1 0.000000
0 2 0.000000
0 3 0.000000
0 4 0.000000
0 5 0.000000
0 6 0.000000
0 7 0.000000
0 8 0.000000
0 9 0.000000
0 10 0.000000
0 11 0.000000
0 12 0.000000
0 13 0.000000
0 14 0.000000
0 15 0.000000
0 16 0.000000
0 17 0.000000
0 18 0.000000
0 19 0.000000
0 20 0.000000
0 21 0.000000
0 22 0.000000
0 23 0.000000
0 24 0.000000
0 25 0.000000
0 26 0.000000
0 27 0.000000
0 28 0.000000
0 29 0.000000
0 30 0.000000
0 31 0.000000
0 32 0.000000
0 33 0.000000
0 34 0.000000
0 35 0.000000
0 36 0.000000
0 37 0.000000
0 38 0.000000
0 39 0.000000
0 40 0.000000
0 41 0.000000
0 42 0.000000
0 43 0.000000
0 44 0.000000
0 45 0.000000
0 46 0.000000
0 47 0.000000
0 48 0.000000
0 49 0.000000
0 50 0.000000
0 51 0.000000
0 52 0.000000
0 53 0.000000
0 54 0.000000
0 55 0.000000
0 56 0.000000
0 57 0.000000
0 58 0.000000
0 59 0.000000
0 60 0.000000
0 61 0.000000
0 62 0.000000
0 63 0.000000

1 0 0.000000
1 1 0.000000
1 2 0.000000
1 3 0.000000
1 4 0.000000
1 5 0.000000
1 6 0.000000
1 7 0.000000
1 8 0.000001
1 9 0.000001
1 10 0.000002
1 11 0.000002
1 12 0.000003
1 13 0.000005
1 14 0.000007
1 15 0.000009
1 16 0.000012
1 17 0.000016
1 18 0.000021
1 19 0.000027
1 20 0.000034
1 21 0.000042
1 22 0.000051
1 23 0.000060
1 24 0.000070
1 25 0.000080
1 26 0.000090
1 27 0.000099
1 28 0.000107
1 29 0.000114
1 30 0.000119
1 31 0.000123
1 32 0.000124
1 33 0.000123
1 34 0.000119
1 35 0.000114
1 36 0.000107
1 37 0.000099
1 38 0.000090
1 39 0.000080
1 40 0.000070
1 41 0.000060
1 42 0.000051
1 43 0.000042
1 44 0.000034
1 45 0.000027
1 46 0.000021
1 47 0.000016
1 48 0.000012
1 49 0.000009
1 50 0.000007
1 51 0.000005
1 52 0.000003
1 53 0.000002
1 54 0.000002
1 55 0.000001
1 56 0.000001
1 57 0.000000
1 58 0.000000
1 59 0.000000
1 60 0.000000
1 61 0.000000
1 62 0.000000
1 63 0.000000

2 0 0.000000
2 1 0.000000
2 2 0.000000
2 3 0.000000
2 4 0.000000
2 5 0.000000
2 6 0.000001
2 7 0.000001
2 8 0.000002
2 9 0.000002
2 10 0.000004
2 11 0.000005
2 12 0.000008
2 13 0.000011
2 14 0.000016
2 15 0.000021
2 16 0.000029
2 17 0.000038
2 18 0.000050
2 19 0.000063
2 20 0.000079
2 21 0.000098
2 22 0.000118
2 23 0.000140
2 24 0.000163
2 25 0.000186
2 26 0.000209
2 27 0.000231
2 28 0.000250
2 29 0.000267
2 30 0.000279
2 31 0.000286
2 32 0.000289
2 33 0.000286
2 34 0.000279
2 35 0.000267
2 36 0.000250
2 37 0.000231
2 38 0.000209
2 39 0.000186
2 40 0.000163
2 41 0.000140
2 42 0.000118
2 43 0.000098
2 44 0.000079
2 45 0.000063
2 46 0.000050
2 47 0.000038
2 48 0.000029
2 49 0.000021
2 50 0.000016
2 51 0.000011
2 52 0.000008
2 53 0.000005
2 54 0.000004
2 55 0.000002
2 56 0.000002
2 57 0.000001
2 58 0.000001
2 59 0.000000
2 60 0.000000
2 61 0.000000
2 62 0.000000
2 63 0.000000

3 0 0.000000
3 1 0.000000
3 2 0.000000
3 3 0.000000
3 4 0.000000
3 5 0.000001
3 6 0.000001
3 7 0.000002
3 8 0.000003
3 9 0.000005
3 10 0.000007
3 11 0.000010
3 12 0.000015
3 13 0.000021
3 14 0.000029
3 15 0.000040
3 16 0.000054
3 17 0.000072
3 18 0.000093
3 19 0.000119
3 20 0.000149
3 21 0.000184
3 22 0.000222
3 23 0.000264
3 24 0.000307
3 25 0.000351
3 26 0.000395
3 27 0.000436
3 28 0.000472
3 29 0.000503
3 30 0.000526
3 31 0.000540
3 32 0.000545
3 33 0.000540
3 34 0.000526
3 35 0.000503
3 36 0.000472
3 37 0.000436
3 38 0.000395
3 39 0.000351
3 40 0.000307
3 41 0.000264
3 42 0.000222
3 43 0.000184
3 44 0.000149
3 45 0.000119
3 46 0.000093
3 47 0.000072
3 48 0.000054
3 49 0.000040
3 50 0.000029
3 51 0.000021
3 52 0.000015
3 53 0.000010
3 54 0.000007
3 55 0.000005
3 56 0.000003
3 57 0.000002
3 58 0.000001
3 59 0.000001
3 60 0.000000
3 61 0.000000
3 62 0.000000
3 63 0.000000

4 0 0.000000
4 1 0.000000
4 2 0.000000
4 3 0.000000
4 4 0.000001
4 5 0.000001
4 6 0.000002
4 7 0.000003
4 8 0.000005
4 9 0.000008
4 10 0.000012
4 11 0.000017
4 12 0.000025
4 13 0.000036
4 14 0.000050
4 15 0.000069
4 16 0.000093
4 17 0.000123
4 18 0.000159
4 19 0.000203
4 20 0.000254
4 21 0.000313
4 22 0.000378
4 23 0.000448
4 24 0.000522
4 25 0.000597
4 26 0.000671
4 27 0.000741
4 28 0.000803
4 29 0.000855
4 30 0.000894
4 31 0.000918
4 32 0.000926
4 33 0.000918
4 34 0.000894
4 35 0.000855
4 36 0.000803
4 37 0.000741
4 38 0.000671
4 39 0.000597
4 40 0.000522
4 41 0.000448
4 42 0.000378
4 43 0.000313
4 44 0.000254
4 45 0.000203
4 46 0.000159
4 47 0.000123
4 48 0.000093
4 49 0.000069
4 50 0.000050
4 51 0.000036
4 52 0.000025
4 53 0.000017
4 54 0.000012
4 55 0.000008
4 56 0.000005
4 57 0.000003
4 58 0.000002
4 59 0.000001
4 60 0.000001
4 61 0.000000
4 62 0.000000
4 63 0.000000

5 0 0.000000
5 1 0.000000
5 2 0.000000
5 3 0.000001
5 4 0.000001
5 5 0.000002
5 6 0.000003
5 7 0.000005
5 8 0.000008
5 9 0.000013
5 10 0.000019
5 11 0.000028
5 12 0.000041
5 13 0.000059
5 14 0.000082
5 15 0.000113
5 16 0.000152
5 17 0.000201
5 18 0.000261
5 19 0.000333
5 20 0.000417
5 21 0.000513
5 22 0.000619
5 23 0.000734
5 24 0.000855
5 25 0.000977
5 26 0.001097
5 27 0.001211
5 28 0.001312
5 29 0.001396
5 30 0.001460
5 31 0.001499
5 32 0.001513
5 33 0.001499
5 34 0.001460
5 35 0.001396
5 36 0.001312
5 37 0.001211
5 38 0.001097
5 39 0.000977
5 40 0.000855
5 41 0.000734
5 42 0.000619
5 43 0.000513
5 44 0.000417
5 45 0.000333
5 46 0.000261
5 47 0.000201
5 48 0.000152
5 49 0.000113
5 50 0.000082
5 51 0.000059
5 52 0.000041
5 53 0.000028
5 54 0.000019
5 55 0.000013
5 56 0.000008
5 57 0.000005
5 58 0.000003
5 59 0.000002
5 60 0.000001
5 61 0.000001
5 62 0.000000
5 63 0.000000

6 0 0.000000
6 1 0.000000
6 2 0.000001
6 3 0.000001
6 4 0.000002
6 5 0.000003
6 6 0.000005
6 7 0.000009
6 8 0.000014
6 9 0.000021
6 10 0.000031
6 11 0.000046
6 12 0.000067
6 13 0.000095
6 14 0.000133
6 15 0.000182
6 16 0.000245
6 17 0.000324
6 18 0.000420
6 19 0.000536
6 20 0.000670
6 21 0.000823
6 22 0.000993
6 23 0.001176
6 24 0.001369
6 25 0.001564
6 26 0.001756
6 27 0.001936
6 28 0.002098
6 29 0.002232
6 30 0.002333
6 31 0.002396
6 32 0.002418
6 33 0.002396
6 34 0.002333
6 35 0.002232
6 36 0.002098
6 37 0.001936
6 38 0.001756
6 39 0.001564
6 40 0.001369
6 41 0.001176
6 42 0.000993
6 43 0.000823
6 44 0.000670
6 45 0.000536
6 46 0.000420
6 47 0.000324
6 48 0.000245
6 49 0.000182
6 50 0.000133
6 51 0.000095
6 52 0.000067
6 53 0.000046
6 54 0.000031
6 55 0.000021
6 56 0.000014
6 57 0.000009
6 58 0.000005
6 59 0.000003
6 60 0.000002
6 61 0.000001
6 62 0.000000
6 63 0.000000

7 0 0.000000
7 1 0.000000
7 2 0.000001
7 3 0.000002
7 4 0.000003
7 5 0.000005
7 6 0.000009
7 7 0.000014
7 8 0.000021
7 9 0.000033
7 10 0.000050
7 11 0.000073
7 12 0.000106
7 13 0.000151
7 14 0.000210
7 15 0.000288
7 16 0.000387
7 17 0.000511
7 18 0.000663
7 19 0.000844
7 20 0.001055
7 21 0.001295
7 22 0.001561
7 23 0.001849
7 24 0.002150
7 25 0.002456
7 26 0.002756
7 27 0.003038
7 28 0.003289
7 29 0.003500
7 30 0.003658
7 31 0.003756
7 32 0.003789
7 33 0.003756
7 34 0.003658
7 35 0.003500
7 36 0.003289
7 37 0.003038
7 38 0.002756
7 39 0.002456
7 40 0.002150
7 41 0.001849
7 42 0.001561
7 43 0.001295
7 44 0.001055
7 45 0.000844
7 46 0.000663
7 47 0.000511
7 48 0.000387
7 49 0.000288
7 50 0.000210
7 51 0.000151
7 52 0.000106
7 53 0.000073
7 54 0.000050
7 55 0.000033
7 56 0.000021
7 57 0.000014
7 58 0.000009
7 59 0.000005
7 60 0.000003
7 61 0.000002
7 62 0.000001
7 63 0.000000

8 0 0.000000
8 1 0.000001
8 2 0.000002
8 3 0.000003
8 4 0.000005
8 5 0.000008
8 6 0.000014
8 7 0.000021
8 8 0.000034
8 9 0.000051
8 10 0.000077
8 11 0.000114
8 12 0.000165
8 13 0.000234
8 14 0.000326
8 15 0.000447
8 16 0.000600
8 17 0.000792
8 18 0.001026
8 19 0.001305
8 20 0.001630
8 21 0.001999
8 22 0.002409
8 23 0.002850
8 24 0.003313
8 25 0.003782
8 26 0.004242
8 27 0.004674
8 28 0.005060
8 29 0.005382
8 30 0.005624
8 31 0.005774
8 32 0.005825
8 33 0.005774
8 34 0.005624
8 35 0.005382
8 36 0.005060
8 37 0.004674
8 38 0.004242
8 39 0.003782
8 40 0.003313
8 41 0.002850
8 42 0.002409
8 43 0.001999
8 44 0.001630
8 45 0.001305
8 46 0.001026
8 47 0.000792
8 48 0.000600
8 49 0.000447
8 50 0.000326
8 51 0.000234
8 52 0.000165
8 53 0.000114
8 54 0.000077
8 55 0.000051
8 56 0.000034
8 57 0.000021
8 58 0.000014
8 59 0.000008
8 60 0.000005
8 61 0.000003
8 62 0.000001
8 63 0.000000

9 0 0.000000
9 1 0.000001
9 2 0.000002
9 3 0.000005
9 4 0.000008
9 5 0.000013
9 6 0.000021
9 7 0.000033
9 8 0.000051
9 9 0.000079
9 10 0.000118
9 11 0.000174
9 12 0.000251
9 13 0.000357
9 14 0.000497
9 15 0.000680
9 16 0.000913
9 17 0.001203
9 18 0.001557
9 19 0.001979
9 20 0.002470
9 21 0.003028
9 22 0.003646
9 23 0.004311
9 24 0.005007
9 25 0.005714
9 26 0.006406
9 27 0.007055
9 28 0.007635
9 29 0.008118
9 30 0.008481
9 31 0.008707
9 32 0.008784
9 33 0.008707
9 34 0.008481
9 35 0.008118
9 36 0.007635
9 37 0.007055
9 38 0.006406
9 39 0.005714
9 40 0.005007
9 41 0.004311
9 42 0.003646
9 43 0.003028
9 44 0.002470
9 45 0.001979
9 46 0.001557
9 47 0.001203
9 48 0.000913
9 49 0.000680
9 50 0.000497
9 51 0.000357
9 52 0.000251
9 53 0.000174
9 54 0.000118
9 55 0.000079
9 56 0.000051
9 57 0.000033
9 58 0.000021
9 59 0.000013
9 60 0.000008
9 61 0.000004
9 62 0.000002
9 63 0.000000

10 0 0.000000
10 1 0.000002
10 2 0.000004
10 3 0.000007
10 4 0.000012
10 5 0.000019
10 6 0.000031
10 7 0.000050
10 8 0.000077
10 9 0.000118
10 10 0.000177
10 11 0.000260
10 12 0.000376
10 13 0.000534
10 14 0.000743
10 15 0.001015
10 16 0.001362
10 17 0.001794
10 18 0.002320
10 19 0.002946
10 20 0.003674
10 21 0.004500
10 22 0.005413
10 23 0.006397
10 24 0.007426
10 25 0.008469
10 26 0.009489
10 27 0.010447
10 28 0.011301
10 29 0.012013
10 30 0.012548
10 31 0.012881
10 32 0.012993
10 33 0.012881
10 34 0.012548
10 35 0.012013
10 36 0.011301
10 37 0.010447
10 38 0.009489
10 39 0.008469
10 40 0.007426
10 41 0.006397
10 42 0.005413
10 43 0.004500
10 44 0.003674
10 45 0.002946
10 46 0.002320
10 47 0.001794
10 48 0.001362
10 49 0.001015
10 50 0.000743
10 51 0.000534
10 52 0.000376
10 53 0.000260
10 54 0.000177
10 55 0.000118
10 56 0.000077
10 57 0.000050
10 58 0.000031
10 59 0.000019
10 60 0.000011
10 61 0.000006
10 62 0.000003
10 63 0.000000

11 0 0.000000
11 1 0.000002
11 2 0.000005
11 3 0.000010
11 4 0.000017
11 5 0.000028
11 6 0.000046
11 7 0.000073
11 8 0.000114
11 9 0.000174
11 10 0.000260
11 11 0.000383
11 12 0.000553
11 13 0.000784
11 14 0.001090
11 15 0.001488
11 16 0.001994
11 17 0.002624
11 18 0.003390
11 19 0.004302
11 20 0.005360
11 21 0.006560
11 22 0.007887
11 23 0.009313
11 24 0.010804
11 25 0.012315
11 26 0.013791
11 27 0.015176
11 28 0.016411
11 29 0.017440
11 30 0.018213
11 31 0.018694
11 32 0.018857
11 33 0.018694
11 34 0.018213
11 35 0.017440
11 36 0.016411
11 37 0.015176
11 38 0.013791
11 39 0.012315
11 40 0.010804
11 41 0.009313
11 42 0.007887
11 43 0.006560
11 44 0.005360
11 45 0.004302
11 46 0.003390
11 47 0.002624
11 48 0.001994
11 49 0.001488
11 50 0.001090
11 51 0.000784
11 52 0.000553
11 53 0.000383
11 54 0.000260
11 55 0.000174
11 56 0.000114
11 57 0.000073
11 58 0.000046
11 59 0.000028
11 60 0.000017
11 61 0.000009
11 62 0.000004
11 63 0.000000

12 0 0.000000
12 1 0.000003
12 2 0.000008
12 3 0.000015
12 4 0.000025
12 5 0.000041
12 6 0.000067
12 7 0.000106
12 8 0.000165
12 9 0.000251
12 10 0.000376
12 11 0.000553
12 12 0.000798
12 13 0.001129
12 14 0.001569
12 15 0.002140
12 16 0.002865
12 17 0.003767
12 18 0.004863
12 19 0.006165
12 20 0.007675
12 21 0.009386
12 22 0.011275
12 23 0.013305
12 24 0.015425
12 25 0.017571
12 26 0.019668
12 27 0.021633
12 28 0.023384
12 29 0.024843
12 30 0.025939
12 31 0.026619
12 32 0.026850
12 33 0.026619
12 34 0.025939
12 35 0.024843
12 36 0.023384
12 37 0.021633
12 38 0.019668
12 39 0.017571
12 40 0.015425
12 41 0.013305
12 42 0.011275
12 43 0.009386
12 44 0.007675
12 45 0.006165
12 46 0.004863
12 47 0.003767
12 48 0.002865
12 49 0.002140
12 50 0.001569
12 51 0.001129
12 52 0.000798
12 53 0.000553
12 54 0.000376
12 55 0.000251
12 56 0.000165
12 57 0.000106
12 58 0.000067
12 59 0.000041
12 60 0.000025
12 61 0.000013
12 62 0.000006
12 63 0.000000

13 0 0.000000
13 1 0.000005
13 2 0.000011
13 3 0.000021
13 4 0.000036
13 5 0.000059
13 6 0.000095
13 7 0.000151
13 8 0.000234
13 9 0.000357
13 10 0.000534
13 11 0.000784
13 12 0.001129
13 13 0.001597
13 14 0.002216
13 15 0.003020
13 16 0.004041
13 17 0.005307
13 18 0.006845
13 19 0.008671
13 20 0.010786
13 21 0.013179
13 22 0.015819
13 23 0.018654
13 24 0.021612
13 25 0.024603
13 26 0.027524
13 27 0.030260
13 28 0.032697
13 29 0.034725
13 30 0.036249
13 31 0.037195
13 32 0.037516
13 33 0.037195
13 34 0.036249
13 35 0.034725
13 36 0.032697
13 37 0.030260
13 38 0.027524
13 39 0.024603
13 40 0.021612
13 41 0.018654
13 42 0.015819
13 43 0.013179
13 44 0.010786
13 45 0.008671
13 46 0.006845
13 47 0.005307
13 48 0.004041
13 49 0.003020
13 50 0.002216
13 51 0.001597
13 52 0.001129
13 53 0.000784
13 54 0.000534
13 55 0.000357
13 56 0.000234
13 57 0.000151
13 58 0.000095
13 59 0.000059
13 60 0.000035
13 61 0.000019
13 62 0.000008
13 63 0.000000

14 0 0.000000
14 1 0.000007
14 2 0.000016
14 3 0.000029
14 4 0.000050
14 5 0.000082
14 6 0.000133
14 7 0.000210
14 8 0.000326
14 9 0.000497
14 10 0.000743
14 11 0.001090
14 12 0.001569
14 13 0.002216
14 14 0.003074
14 15 0.004185
14 16 0.005593
14 17 0.007340
14 18 0.009458
14 19 0.011969
14 20 0.014877
14 21 0.018163
14 22 0.021784
14 23 0.025668
14 24 0.029718
14 25 0.033811
14 26 0.037803
14 27 0.041542
14 28 0.044869
14 29 0.047637
14 30 0.049716
14 31 0.051007
14 32 0.051444
14 33 0.051007
14 34 0.049716
14 35 0.047637
14 36 0.044869
14 37 0.041542
14 38 0.037803
14 39 0.033811
14 40 0.029718
14 41 0.025668
14 42 0.021784
14 43 0.018163
14 44 0.014877
14 45 0.011969
14 46 0.009458
14 47 0.007340
14 48 0.005593
14 49 0.004185
14 50 0.003074
14 51 0.002216
14 52 0.001569
14 53 0.001090
14 54 0.000743
14 55 0.000497
14 56 0.000326
14 57 0.000210
14 58 0.000133
14 59 0.000082
14 60 0.000049
14 61 0.000026
14 62 0.000011
14 63 0.000000

15 0 0.000000
15 1 0.000009
15 2 0.000021
15 3 0.000040
15 4 0.000069
15 5 0.000113
15 6 0.000182
15 7 0.000288
15 8 0.000447
15 9 0.000680
15 10 0.001015
15 11 0.001488
15 12 0.002140
15 13 0.003020
15 14 0.004185
15 15 0.005692
15 16 0.007600
15 17 0.009964
15 18 0.012829
15 19 0.016220
15 20 0.020143
15 21 0.024571
15 22 0.029446
15 23 0.034671
15 24 0.040113
15 25 0.045608
15 26 0.050965
15 27 0.055977
15 28 0.060436
15 29 0.064143
15 30 0.066927
15 31 0.068654
15 32 0.069240
15 33 0.068654
15 34 0.066927
15 35 0.064143
15 36 0.060436
15 37 0.055977
15 38 0.050965
15 39 0.045608
15 40 0.040113
15 41 0.034671
15 42 0.029446
15 43 0.024571
15 44 0.020143
15 45 0.016220
15 46 0.012829
15 47 0.009964
15 48 0.007600
15 49 0.005692
15 50 0.004185
15 51 0.003020
15 52 0.002140
15 53 0.001488
15 54 0.001015
15 55 0.000680
15 56 0.000447
15 57 0.000288
15 58 0.000182
15 59 0.000113
15 60 0.000067
15 61 0.000036
15 62 0.000016
15 63 0.000000

16 0 0.000000
16 1 0.000012
16 2 0.000029
16 3 0.000054
16 4 0.000093
16 5 0.000152
16 6 0.000245
16 7 0.000387
16 8 0.000600
16 9 0.000913
16 10 0.001362
16 11 0.001994
16 12 0.002865
16 13 0.004041
16 14 0.005593
16 15 0.007600
16 16 0.010139
16 17 0.013281
16 18 0.017083
16 19 0.021579
16 20 0.026774
16 21 0.032633
16 22 0.039076
16 23 0.045974
16 24 0.053154
16 25 0.060396
16 26 0.067451
16 27 0.074048
16 28 0.079912
16 29 0.084787
16 30 0.088445
16 31 0.090715
16 32 0.091484
16 33 0.090715
16 34 0.088445
16 35 0.084787
16 36 0.079912
16 37 0.074048
16 38 0.067451
16 39 0.060396
16 40 0.053154
16 41 0.045974
16 42 0.039076
16 43 0.032633
16 44 0.026774
16 45 0.021579
16 46 0.017083
16 47 0.013281
16 48 0.010139
16 49 0.007600
16 50 0.005593
16 51 0.004041
16 52 0.002865
16 53 0.001994
16 54 0.001362
16 55 0.000913
16 56 0.000600
16 57 0.000387
16 58 0.000245
16 59 0.000152
16 60 0.000091
16 61 0.000049
16 62 0.000021
16 63 0.000000

17 0 0.000000
17 1 0.000016
17 2 0.000038
17 3 0.000072
17 4 0.000123
17 5 0.000201
17 6 0.000324
17 7 0.000511
17 8 0.000792
17 9 0.001203
17 10 0.001794
17 11 0.002624
17 12 0.003767
17 13 0.005307
17 14 0.007340
17 15 0.009964
17 16 0.013281
17 17 0.017380
17 18 0.022335
17 19 0.028188
17 20 0.034944
17 21 0.042554
17 22 0.050915
17 23 0.059858
17 24 0.069156
17 25 0.078528
17 26 0.087650
17 27 0.096174
17 28 0.103747
17 29 0.110038
17 30 0.114759
17 31 0.117686
17 32 0.118677
17 33 0.117686
17 34 0.114759
17 35 0.110038
17 36 0.103747
17 37 0.096174
17 38 0.087650
17 39 0.078528
17 40 0.069156
17 41 0.059858
17 42 0.050915
17 43 0.042554
17 44 0.034944
17 45 0.028188
17 46 0.022335
17 47 0.017380
17 48 0.013281
17 49 0.009964
17 50 0.007340
17 51 0.005307
17 52 0.003767
17 53 0.002624
17 54 0.001794
17 55 0.001203
17 56 0.000792
17 57 0.000511
17 58 0.000324
17 59 0.000201
17 60 0.000120
17 61 0.000065
17 62 0.000028
17 63 0.000000

18 0 0.000000
18 1 0.000021
18 2 0.000050
18 3 0.000093
18 4 0.000159
18 5 0.000261
18 6 0.000420
18 7 0.000663
18 8 0.001026
18 9 0.001557
18 10 0.002320
18 11 0.003390
18 12 0.004863
18 13 0.006845
18 14 0.009458
18 15 0.012829
18 16 0.017083
18 17 0.022335
18 18 0.028676
18 19 0.036159
18 20 0.044786
18 21 0.054494
18 22 0.065147
18 23 0.076532
18 24 0.088358
18 25 0.100267
18 26 0.111849
18 27 0.122663
18 28 0.132266
18 29 0.140240
18 30 0.146220
18 31 0.149927
18 32 0.151183
18 33 0.149927
18 34 0.146220
18 35 0.140240
18 36 0.132266
18 37 0.122663
18 38 0.111849
18 39 0.100267
18 40 0.088358
18 41 0.076532
18 42 0.065147
18 43 0.054494
18 44 0.044786
18 45 0.036159
18 46 0.028676
18 47 0.022335
18 48 0.017083
18 49 0.012829
18 50 0.009458
18 51 0.006845
18 52 0.004863
18 53 0.003390
18 54 0.002320
18 55 0.001557
18 56 0.001026
18 57 0.000663
18 58 0.000420
18 59 0.000261
18 60 0.000156
18 61 0.000084
18 62 0.000036
18 63 0.000000

19 0 0.000000
19 1 0.000027
19 2 0.000063
19 3 0.000119
19 4 0.000203
19 5 0.000333
19 6 0.000536
19 7 0.000844
19 8 0.001305
19 9 0.001979
19 10 0.002946
19 11 0.004302
19 12 0.006165
19 13 0.008671
19 14 0.011969
19 15 0.016220
19 16 0.021579
19 17 0.028188
19 18 0.036159
19 19 0.045555
19 20 0.056375
19 21 0.068538
19 22 0.081872
19 23 0.096106
19 24 0.110878
19 25 0.125741
19 26 0.140185
19 27 0.153661
19 28 0.165621
19 29 0.175546
19 30 0.182987
19 31 0.187599
19 32 0.189161
19 33 0.187599
19 34 0.182987
19 35 0.175546
19 36 0.165621
19 37 0.153661
19 38 0.140185
19 39 0.125741
19 40 0.110878
19 41 0.096106
19 42 0.081872
19 43 0.068538
19 44 0.056375
19 45 0.045555
19 46 0.036159
19 47 0.028188
19 48 0.021579
19 49 0.016220
19 50 0.011969
19 51 0.008671
19 52 0.006165
19 53 0.004302
19 54 0.002946
19 55 0.001979
19 56 0.001305
19 57 0.000844
19 58 0.000536
19 59 0.000333
19 60 0.000199
19 61 0.000107
19 62 0.000046
19 63 0.000000

20 0 0.000000
20 1 0.000034
20 2 0.000079
20 3 0.000149
20 4 0.000254
20 5 0.000417
20 6 0.000670
20 7 0.001055
20 8 0.001630
20 9 0.002470
20 10 0.003674
20 11 0.005360
20 12 0.007675
20 13 0.010786
20 14 0.014877
20 15 0.020143
20 16 0.026774
20 17 0.034944
20 18 0.044786
20 19 0.056375
20 20 0.069707
20 21 0.084677
20 22 0.101070
20 23 0.118554
20 24 0.136682
20 25 0.154904
20 26 0.172599
20 27 0.189097
20 28 0.203729
20 29 0.215865
20 30 0.224962
20 31 0.230597
20 32 0.232506
20 33 0.230597
20 34 0.224962
20 35 0.215865
20 36 0.203729
20 37 0.189097
20 38 0.172599
20 39 0.154904
20 40 0.136682
20 41 0.118554
20 42 0.101070
20 43 0.084677
20 44 0.069707
20 45 0.056375
20 46 0.044786
20 47 0.034944
20 48 0.026774
20 49 0.020143
20 50 0.014877
20 51 0.010786
20 52 0.007675
20 53 0.005360
20 54 0.003674
20 55 0.002470
20 56 0.001630
20 57 0.001055
20 58 0.000670
20 59 0.000416
20 60 0.000249
20 61 0.000134
20 62 0.000058
20 63 0.000000

21 0 0.000000
21 1 0.000042
21 2 0.000098
21 3 0.000184
21 4 0.000313
21 5 0.000513
21 6 0.000823
21 7 0.001295
21 8 0.001999
21 9 0.003028
21 10 0.004500
21 11 0.006560
21 12 0.009386
21 13 0.013179
21 14 0.018163
21 15 0.024571
21 16 0.032633
21 17 0.042554
21 18 0.054494
21 19 0.068538
21 20 0.084677
21 21 0.102780
21 22 0.122584
21 23 0.143686
21 24 0.165543
21 25 0.187497
21 26 0.208797
21 27 0.228643
21 28 0.246234
21 29 0.260817
21 30 0.271743
21 31 0.278511
21 32 0.280803
21 33 0.278511
21 34 0.271743
21 35 0.260817
21 36 0.246234
21 37 0.228643
21 38 0.208797
21 39 0.187497
21 40 0.165543
21 41 0.143686
21 42 0.122584
21 43 0.102780
21 44 0.084677
21 45 0.068538
21 46 0.054494
21 47 0.042554
21 48 0.032633
21 49 0.024571
21 50 0.018163
21 51 0.013179
21 52 0.009386
21 53 0.006560
21 54 0.004500
21 55 0.003028
21 56 0.001999
21 57 0.001295
21 58 0.000823
21 59 0.000512
21 60 0.000306
21 61 0.000164
21 62 0.000071
21 63 0.000000

22 0 0.000000
22 1 0.000051
22 2 0.000118
22 3 0.000222
22 4 0.000378
22 5 0.000619
22 6 0.000993
22 7 0.001561
22 8 0.002409
22 9 0.003646
22 10 0.005413
22 11 0.007887
22 12 0.011275
22 13 0.015819
22 14 0.021784
22 15 0.029446
22 16 0.039076
22 17 0.050915
22 18 0.065147
22 19 0.081872
22 20 0.101070
22 21 0.122584
22 22 0.146097
22 23 0.171126
22 24 0.197029
22 25 0.223023
22 26 0.248224
22 27 0.271689
22 28 0.292475
22 29 0.309698
22 30 0.322598
22 31 0.330585
22 32 0.333290
22 33 0.330585
22 34 0.322598
22 35 0.309698
22 36 0.292475
22 37 0.271689
22 38 0.248224
22 39 0.223023
22 40 0.197029
22 41 0.171126
22 42 0.146097
22 43 0.122584
22 44 0.101070
22 45 0.081872
22 46 0.065147
22 47 0.050915
22 48 0.039076
22 49 0.029446
22 50 0.021784
22 51 0.015819
22 52 0.011275
22 53 0.007887
22 54 0.005413
22 55 0.003646
22 56 0.002409
22 57 0.001561
22 58 0.000993
22 59 0.000618
22 60 0.000369
22 61 0.000198
22 62 0.000085
22 63 0.000000

23 0 0.000000
23 1 0.000060
23 2 0.000140
23 3 0.000264
23 4 0.000448
23 5 0.000734
23 6 0.001176
23 7 0.001849
23 8 0.002850
23 9 0.004311
23 10 0.006397
23 11 0.009313
23 12 0.013305
23 13 0.018654
23 14 0.025668
23 15 0.034671
23 16 0.045974
23 17 0.059858
23 18 0.076532
23 19 0.096106
23 20 0.118554
23 21 0.143686
23 22 0.171126
23 23 0.200309
23 24 0.230485
23 25 0.260743
23 26 0.290056
23 27 0.317331
23 28 0.341478
23 29 0.361477
23 30 0.376449
23 31 0.385719
23 32 0.388857
23 33 0.385719
23 34 0.376449
23 35 0.361477
23 36 0.341478
23 37 0.317331
23 38 0.290056
23 39 0.260743
23 40 0.230485
23 41 0.200309
23 42 0.171126
23 43 0.143686
23 44 0.118554
23 45 0.096106
23 46 0.076532
23 47 0.059858
23 48 0.045974
23 49 0.034671
23 50 0.025668
23 51 0.018654
23 52 0.013305
23 53 0.009313
23 54 0.006397
23 55 0.004311
23 56 0.002850
23 57 0.001849
23 58 0.001176
23 59 0.000732
23 60 0.000438
23 61 0.000235
23 62 0.000101
23 63 0.000000

24 0 0.000000
24 1 0.000070
24 2 0.000163
24 3 0.000307
24 4 0.000522
24 5 0.000855
24 6 0.001369
24 7 0.002150
24 8 0.003313
24 9 0.005007
24 10 0.007426
24 11 0.010804
24 12 0.015425
24 13 0.021612
24 14 0.029718
24 15 0.040113
24 16 0.053154
24 17 0.069156
24 18 0.088358
24 19 0.110878
24 20 0.136682
24 21 0.165543
24 22 0.197029
24 23 0.230485
24 24 0.265051
24 25 0.299684
24 26 0.333212
24 27 0.364389
24 28 0.391975
24 29 0.414812
24 30 0.431904
24 31 0.442482
24 32 0.446064
24 33 0.442482
24 34 0.431904
24 35 0.414812
24 36 0.391975
24 37 0.364389
24 38 0.333212
24 39 0.299684
24 40 0.265051
24 41 0.230485
24 42 0.197029
24 43 0.165543
24 44 0.136682
24 45 0.110878
24 46 0.088358
24 47 0.069156
24 48 0.053154
24 49 0.040113
24 50 0.029718
24 51 0.021612
24 52 0.015425
24 53 0.010804
24 54 0.007426
24 55 0.005007
24 56 0.003313
24 57 0.002150
24 58 0.001368
24 59 0.000852
24 60 0.000510
24 61 0.000273
24 62 0.000118
24 63 0.000000

25 0 0.000000
25 1 0.000080
25 2 0.000186
25 3 0.000351
25 4 0.000597
25 5 0.000977
25 6 0.001564
25 7 0.002456
25 8 0.003782
25 9 0.005714
25 10 0.008469
25 11 0.012315
25 12 0.017571
25 13 0.024603
25 14 0.033811
25 15 0.045608
25 16 0.060396
25 17 0.078528
25 18 0.100267
25 19 0.125741
25 20 0.154904
25 21 0.187497
25 22 0.223023
25 23 0.260743
25 24 0.299684
25 25 0.338674
25 26 0.376393
25 27 0.411448
25 28 0.442448
25 29 0.468102
25 30 0.487295
25 31 0.499172
25 32 0.503192
25 33 0.499172
25 34 0.487295
25 35 0.468102
25 36 0.442448
25 37 0.411448
25 38 0.376393
25 39 0.338674
25 40 0.299684
25 41 0.260743
25 42 0.223023
25 43 0.187497
25 44 0.154904
25 45 0.125741
25 46 0.100267
25 47 0.078528
25 48 0.060396
25 49 0.045608
25 50 0.033811
25 51 0.024603
25 52 0.017571
25 53 0.012315
25 54 0.008469
25 55 0.005714
25 56 0.003782
25 57 0.002456
25 58 0.001564
25 59 0.000974
25 60 0.000583
25 61 0.000312
25 62 0.000135
25 63 0.000000

26 0 0.000000
26 1 0.000090
26 2 0.000209
26 3 0.000395
26 4 0.000671
26 5 0.001097
26 6 0.001756
26 7 0.002756
26 8 0.004242
26 9 0.006406
26 10 0.009489
26 11 0.013791
26 12 0.019668
26 13 0.027524
26 14 0.037803
26 15 0.050965
26 16 0.067451
26 17 0.087650
26 18 0.111849
26 19 0.140185
26 20 0.172599
26 21 0.208797
26 22 0.248224
26 23 0.290056
26 24 0.333212
26 25 0.376393
26 26 0.418143
26 27 0.456922
26 28 0.491201
26 29 0.519556
26 30 0.540764
26 31 0.553884
26 32 0.558325
26 33 0.553884
26 34 0.540764
26 35 0.519556
26 36 0.491201
26 37 0.456922
26 38 0.418143
26 39 0.376393
26 40 0.333212
26 41 0.290056
26 42 0.248224
26 43 0.208797
26 44 0.172599
26 45 0.140185
26 46 0.111849
26 47 0.087650
26 48 0.067451
26 49 0.050965
26 50 0.037803
26 51 0.027524
26 52 0.019668
26 53 0.013791
26 54 0.009489
26 55 0.006406
26 56 0.004242
26 57 0.002756
26 58 0.001756
26 59 0.001094
26 60 0.000655
26 61 0.000351
26 62 0.000151
26 63 0.000000

27 0 0.000000
27 1 0.000099
27 2 0.000231
27 3 0.000436
27 4 0.000741
27 5 0.001211
27 6 0.001936
27 7 0.003038
27 8 0.004674
27 9 0.007055
27 10 0.010447
27 11 0.015176
27 12 0.021633
27 13 0.030260
27 14 0.041542
27 15 0.055977
27 16 0.074048
27 17 0.096174
27 18 0.122663
27 19 0.153661
27 20 0.189097
27 21 0.228643
27 22 0.271689
27 23 0.317331
27 24 0.364389
27 25 0.411448
27 26 0.456922
27 27 0.499140
27 28 0.536444
27 29 0.567291
27 30 0.590356
27 31 0.604624
27 32 0.609452
27 33 0.604624
27 34 0.590356
27 35 0.567291
27 36 0.536444
27 37 0.499140
27 38 0.456922
27 39 0.411448
27 40 0.364389
27 41 0.317331
27 42 0.271689
27 43 0.228643
27 44 0.189097
27 45 0.153661
27 46 0.122663
27 47 0.096174
27 48 0.074048
27 49 0.055977
27 50 0.041542
27 51 0.030260
27 52 0.021633
27 53 0.015176
27 54 0.010447
27 55 0.007055
27 56 0.004674
27 57 0.003038
27 58 0.001936
27 59 0.001207
27 60 0.000723
27 61 0.000387
27 62 0.000167
27 63 0.000000

28 0 0.000000
28 1 0.000107
28 2 0.000250
28 3 0.000472
28 4 0.000803
28 5 0.001312
28 6 0.002098
28 7 0.003289
28 8 0.005060
28 9 0.007635
28 10 0.011301
28 11 0.016411
28 12 0.023384
28 13 0.032697
28 14 0.044869
28 15 0.060436
28 16 0.079912
28 17 0.103747
28 18 0.132266
28 19 0.165621
28 20 0.203729
28 21 0.246234
28 22 0.292475
28 23 0.341478
28 24 0.391975
28 25 0.442448
28 26 0.491201
28 27 0.536444
28 28 0.576407
28 29 0.609442
28 30 0.634139
28 31 0.649413
28 32 0.654581
28 33 0.649413
28 34 0.634139
28 35 0.609442
28 36 0.576407
28 37 0.536444
28 38 0.491201
28 39 0.442448
28 40 0.391975
28 41 0.341478
28 42 0.292475
28 43 0.246234
28 44 0.203729
28 45 0.165621
28 46 0.132266
28 47 0.103747
28 48 0.079912
28 49 0.060436
28 50 0.044869
28 51 0.032697
28 52 0.023384
28 53 0.016411
28 54 0.011301
28 55 0.007635
28 56 0.005060
28 57 0.003289
28 58 0.002097
28 59 0.001308
28 60 0.000783
28 61 0.000419
28 62 0.000181
28 63 0.000000

29 0 0.000000
29 1 0.000114
29 2 0.000267
29 3 0.000503
29 4 0.000855
29 5 0.001396
29 6 0.002232
29 7 0.003500
29 8 0.005382
29 9 0.008118
29 10 0.012013
29 11 0.017440
29 12 0.024843
29 13 0.034725
29 14 0.047637
29 15 0.064143
29 16 0.084787
29 17 0.110038
29 18 0.140240
29 19 0.175546
29 20 0.215865
29 21 0.260817
29 22 0.309698
29 23 0.361477
29 24 0.414812
29 25 0.468102
29 26 0.519556
29 27 0.567291
29 28 0.609442
29 29 0.644279
29 30 0.670318
29 31 0.686420
29 32 0.691868
29 33 0.686420
29 34 0.670318
29 35 0.644279
29 36 0.609442
29 37 0.567291
29 38 0.519556
29 39 0.468102
29 40 0.414812
29 41 0.361477
29 42 0.309698
29 43 0.260817
29 44 0.215865
29 45 0.175546
29 46 0.140240
29 47 0.110038
29 48 0.084787
29 49 0.064143
29 50 0.047637
29 51 0.034725
29 52 0.024843
29 53 0.017440
29 54 0.012013
29 55 0.008118
29 56 0.005382
29 57 0.003500
29 58 0.002232
29 59 0.001392
29 60 0.000834
29 61 0.000446
29 62 0.000192
29 63 0.000000

30 0 0.000000
30 1 0.000119
30 2 0.000279
30 3 0.000526
30 4 0.000894
30 5 0.001460
30 6 0.002333
30 7 0.003658
30 8 0.005624
30 9 0.008481
30 10 0.012548
30 11 0.018213
30 12 0.025939
30 13 0.036249
30 14 0.049716
30 15 0.066927
30 16 0.088445
30 17 0.114759
30 18 0.146220
30 19 0.182987
30 20 0.224962
30 21 0.271743
30 22 0.322598
30 23 0.376449
30 24 0.431904
30 25 0.487295
30 26 0.540764
30 27 0.590356
30 28 0.634139
30 29 0.670318
30 30 0.697356
30 31 0.714074
30 32 0.719731
30 33 0.714074
30 34 0.697356
30 35 0.670318
30 36 0.634139
30 37 0.590356
30 38 0.540764
30 39 0.487295
30 40 0.431904
30 41 0.376449
30 42 0.322598
30 43 0.271743
30 44 0.224962
30 45 0.182987
30 46 0.146220
30 47 0.114759
30 48 0.088445
30 49 0.066927
30 50 0.049716
30 51 0.036249
30 52 0.025939
30 53 0.018213
30 54 0.012548
30 55 0.008481
30 56 0.005624
30 57 0.003658
30 58 0.002333
30 59 0.001456
30 60 0.000872
30 61 0.000466
30 62 0.000201
30 63 0.000000

31 0 0.000000
31 1 0.000123
31 2 0.000286
31 3 0.000540
31 4 0.000918
31 5 0.001499
31 6 0.002396
31 7 0.003756
31 8 0.005774
31 9 0.008707
31 10 0.012881
31 11 0.018694
31 12 0.026619
31 13 0.037195
31 14 0.051007
31 15 0.068654
31 16 0.090715
31 17 0.117686
31 18 0.149927
31 19 0.187599
31 20 0.230597
31 21 0.278511
31 22 0.330585
31 23 0.385719
31 24 0.442482
31 25 0.499172
31 26 0.553884
31 27 0.604624
31 28 0.649413
31 29 0.686420
31 30 0.714074
31 31 0.731173
31 32 0.736958
31 33 0.731173
31 34 0.714074
31 35 0.686420
31 36 0.649413
31 37 0.604624
31 38 0.553884
31 39 0.499172
31 40 0.442482
31 41 0.385719
31 42 0.330585
31 43 0.278511
31 44 0.230597
31 45 0.187599
31 46 0.149927
31 47 0.117686
31 48 0.090715
31 49 0.068654
31 50 0.051007
31 51 0.037195
31 52 0.026619
31 53 0.018694
31 54 0.012881
31 55 0.008707
31 56 0.005774
31 57 0.003756
31 58 0.002396
31 59 0.001495
31 60 0.000895
31 61 0.000479
31 62 0.000206
31 63 0.000000

32 0 0.000000
32 1 0.000124
32 2 0.000289
32 3 0.000545
32 4 0.000926
32 5 0.001513
32 6 0.002418
32 7 0.003789
32 8 0.005825
32 9 0.008784
32 10 0.012993
32 11 0.018857
32 12 0.026850
32 13 0.037516
32 14 0.051444
32 15 0.069240
32 16 0.091484
32 17 0.118677
32 18 0.151183
32 19 0.189161
32 20 0.232506
32 21 0.280803
32 22 0.333290
32 23 0.388857
32 24 0.446064
32 25 0.503192
32 26 0.558325
32 27 0.609452
32 28 0.654581
32 29 0.691868
32 30 0.719731
32 31 0.736958
32 32 0.742787
32 33 0.736958
32 34 0.719731
32 35 0.691868
32 36 0.654581
32 37 0.609452
32 38 0.558325
32 39 0.503192
32 40 0.446064
32 41 0.388857
32 42 0.333290
32 43 0.280803
32 44 0.232506
32 45 0.189161
32 46 0.151183
32 47 0.118677
32 48 0.091484
32 49 0.069240
32 50 0.051444
32 51 0.037516
32 52 0.026850
32 53 0.018857
32 54 0.012993
32 55 0.008784
32 56 0.005825
32 57 0.003789
32 58 0.002417
32 59 0.001508
32 60 0.000903
32 61 0.000483
32 62 0.000208
32 63 0.000000

33 0 0.000000
33 1 0.000123
33 2 0.000286
33 3 0.000540
33 4 0.000918
33 5 0.001499
33 6 0.002396
33 7 0.003756
33 8 0.005774
33 9 0.008707
33 10 0.012881
33 11 0.018694
33 12 0.026619
33 13 0.037195
33 14 0.051007
33 15 0.068654
33 16 0.090715
33 17 0.117686
33 18 0.149927
33 19 0.187599
33 20 0.230597
33 21 0.278511
33 22 0.330585
33 23 0.385719
33 24 0.442482
33 25 0.499172
33 26 0.553884
33 27 0.604624
33 28 0.649413
33 29 0.686420
33 30 0.714074
33 31 0.731173
33 32 0.736958
33 33 0.731173
33 34 0.714074
33 35 0.686420
33 36 0.649413
33 37 0.604624
33 38 0.553884
33 39 0.499172
33 40 0.442482
33 41 0.385719
33 42 0.330585
33 43 0.278511
33 44 0.230597
33 45 0.187599
33 46 0.149927
33 47 0.117686
33 48 0.090715
33 49 0.068654
33 50 0.051007
33 51 0.037195
33 52 0.026619
33 53 0.018694
33 54 0.012881
33 55 0.008707
33 56 0.005774
33 57 0.003756
33 58 0.002396
33 59 0.001495
33 60 0.000895
33 61 0.000479
33 62 0.000206
33 63 0.000000

34 0 0.000000
34 1 0.000119
34 2 0.000279
34 3 0.000526
34 4 0.000894
34 5 0.001460
34 6 0.002333
34 7 0.003658
34 8 0.005624
34 9 0.008481
34 10 0.012548
34 11 0.018213
34 12 0.025939
34 13 0.036249
34 14 0.049716
34 15 0.066927
34 16 0.088445
34 17 0.114759
34 18 0.146220
34 19 0.182987
34 20 0.224962
34 21 0.271743
34 22 0.322598
34 23 0.376449
34 24 0.431904
34 25 0.487295
34 26 0.540764
34 27 0.590356
34 28 0.634139
34 29 0.670318
34 30 0.697356
34 31 0.714074
34 32 0.719731
34 33 0.714074
34 34 0.697356
34 35 0.670318
34 36 0.634139
34 37 0.590356
34 38 0.540764
34 39 0.487295
34 40 0.431904
34 41 0.376449
34 42 0.322598
34 43 0.271743
34 44 0.224962
34 45 0.182987
34 46 0.146220
34 47 0.114759
34 48 0.088445
34 49 0.066927
34 50 0.049716
34 51 0.036249
34 52 0.025939
34 53 0.018213
34 54 0.012548
34 55 0.008481
34 56 0.005624
34 57 0.003658
34 58 0.002333
34 59 0.001456
34 60 0.000872
34 61 0.000466
34 62 0.000201
34 63 0.000000

35 0 0.000000
35 1 0.000114
35 2 0.000267
35 3 0.000503
35 4 0.000855
35 5 0.001396
35 6 0.002232
35 7 0.003500
35 8 0.005382
35 9 0.008118
35 10 0.012013
35 11 0.017440
35 12 0.024843
35 13 0.034725
35 14 0.047637
35 15 0.064143
35 16 0.084787
35 17 0.110038
35 18 0.140240
35 19 0.175546
35 20 0.215865
35 21 0.260817
35 22 0.309698
35 23 0.361477
35 24 0.414812
35 25 0.468102
35 26 0.519556
35 27 0.567291
35 28 0.609442
35 29 0.644279
35 30 0.670318
35 31 0.686420
35 32 0.691868
35 33 0.686420
35 34 0.670318
35 35 0.644279
35 36 0.609442
35 37 0.567291
35 38 0.519556
35 39 0.468102
35 40 0.414812
35 41 0.361477
35 42 0.309698
35 43 0.260817
35 44 0.215865
35 45 0.175546
35 46 0.140240
35 47 0.110038
35 48 0.084787
35 49 0.064143
35 50 0.047637
35 51 0.034725
35 52 0.024843
35 53 0.017440
35 54 0.012013
35 55 0.008118
35 56 0.005382
35 57 0.003500
35 58 0.002232
35 59 0.001392
35 60 0.000834
35 61 0.000446
35 62 0.000192
35 63 0.000000

36 0 0.000000
36 1 0.000107
36 2 0.000250
36 3 0.000472
36 4 0.000803
36 5 0.001312
36 6 0.002098
36 7 0.003289
36 8 0.005060
36 9 0.007635
36 10 0.011301
36 11 0.016411
36 12 0.023384
36 13 0.032697
36 14 0.044869
36 15 0.060436
36 16 0.079912
36 17 0.103747
36 18 0.132266
36 19 0.165621
36 20 0.203729
36 21 0.246234
36 22 0.292475
36 23 0.341478
36 24 0.391975
36 25 0.442448
36 26 0.491201
36 27 0.536444
36 28 0.576407
36 29 0.609442
36 30 0.634139
36 31 0.649413
36 32 0.654581
36 33 0.649413
36 34 0.634139
36 35 0.609442
36 36 0.576407
36 37 0.536444
36 38 0.491201
36 39 0.442448
36 40 0.391975
36 41 0.341478
36 42 0.292475
36 43 0.246234
36 44 0.203729
36 45 0.165621
36 46 0.132266
36 47 0.103747
36 48 0.079912
36 49 0.060436
36 50 0.044869
36 51 0.032697
36 52 0.023384
36 53 0.016411
36 54 0.011301
36 55 0.007635
36 56 0.005060
36 57 0.003289
36 58 0.002097
36 59 0.001308
36 60 0.000783
36 61 0.000419
36 62 0.000181
36 63 0.000000

37 0 0.000000
37 1 0.000099
37 2 0.000231
37 3 0.000436
37 4 0.000741
37 5 0.001211
37 6 0.001936
37 7 0.003038
37 8 0.004674
37 9 0.007055
37 10 0.010447
37 11 0.015176
37 12 0.021633
37 13 0.030260
37 14 0.041542
37 15 0.055977
37 16 0.074048
37 17 0.096174
37 18 0.122663
37 19 0.153661
37 20 0.189097
37 21 0.228643
37 22 0.271689
37 23 0.317331
37 24 0.364389
37 25 0.411448
37 26 0.456922
37 27 0.499140
37 28 0.536444
37 29 0.567291
37 30 0.590356
37 31 0.604624
37 32 0.609452
37 33 0.604624
37 34 0.590356
37 35 0.567291
37 36 0.536444
37 37 0.499140
37 38 0.456922
37 39 0.411448
37 40 0.364389
37 41 0.317331
37 42 0.271689
37 43 0.228643
37 44 0.189097
37 45 0.153661
37 46 0.122663
37 47 0.096174
37 48 0.074048
37 49 0.055977
37 50 0.041542
37 51 0.030260
37 52 0.021633
37 53 0.015176
37 54 0.010447
37 55 0.007055
37 56 0.004674
37 57 0.003038
37 58 0.001936
37 59 0.001207
37 60 0.000723
37 61 0.000387
37 62 0.000167
37 63 0.000000

38 0 0.000000
38 1 0.000090
38 2 0.000209
38 3 0.000395
38 4 0.000671
38 5 0.001097
38 6 0.001756
38 7 0.002756
38 8 0.004242
38 9 0.006406
38 10 0.009489
38 11 0.013791
38 12 0.019668
38 13 0.027524
38 14 0.037803
38 15 0.050965
38 16 0.067451
38 17 0.087650
38 18 0.111849
38 19 0.140185
38 20 0.172599
38 21 0.208797
38 22 0.248224
38 23 0.290056
38 24 0.333212
38 25 0.376393
38 26 0.418143
38 27 0.456922
38 28 0.491201
38 29 0.519556
38 30 0.540764
38 31 0.553884
38 32 0.558325
38 33 0.553884
38 34 0.540764
38 35 0.519556
38 36 0.491201
38 37 0.456922
38 38 0.418143
38 39 0.376393
38 40 0.333212
38 41 0.290056
38 42 0.248224
38 43 0.208797
38 44 0.172599
38 45 0.140185
38 46 0.111849
38 47 0.087650
38 48 0.067451
38 49 0.050965
38 50 0.037803
38 51 0.027524
38 52 0.019668
38 53 0.013791
38 54 0.009489
38 55 0.006406
38 56 0.004242
38 57 0.002756
38 58 0.001756
38 59 0.001094
38 60 0.000655
38 61 0.000351
38 62 0.000151
38 63 0.000000

39 0 0.000000
39 1 0.000080
39 2 0.000186
39 3 0.000351
39 4 0.000597
39 5 0.000977
39 6 0.001564
39 7 0.002456
39 8 0.003782
39 9 0.005714
39 10 0.008469
39 11 0.012315
39 12 0.017571
39 13 0.024603
39 14 0.033811
39 15 0.045608
39 16 0.060396
39 17 0.078528
39 18 0.100267
39 19 0.125741
39 20 0.154904
39 21 0.187497
39 22 0.223023
39 23 0.260743
39 24 0.299684
39 25 0.338674
39 26 0.376393
39 27 0.411448
39 28 0.442448
39 29 0.468102
39 30 0.487295
39 31 0.499172
39 32 0.503192
39 33 0.499172
39 34 0.487295
39 35 0.468102
39 36 0.442448
39 37 0.411448
39 38 0.376393
39 39 0.338674
39 40 0.299684
39 41 0.260743
39 42 0.223023
39 43 0.187497
39 44 0.154904
39 45 0.125741
39 46 0.100267
39 47 0.078528
39 48 0.060396
39 49 0.045608
39 50 0.033811
39 51 0.024603
39 52 0.017571
39 53 0.012315
39 54 0.008469
39 55 0.005714
39 56 0.003782
39 57 0.002456
39 58 0.001564
39 59 0.000974
39 60 0.000583
39 61 0.000312
39 62 0.000135
39 63 0.000000

40 0 0.000000
40 1 0.000070
40 2 0.000163
40 3 0.000307
40 4 0.000522
40 5 0.000855
40 6 0.001369
40 7 0.002150
40 8 0.003313
40 9 0.005007
40 10 0.007426
40 11 0.010804
40 12 0.015425
40 13 0.021612
40 14 0.029718
40 15 0.040113
40 16 0.053154
40 17 0.069156
40 18 0.088358
40 19 0.110878
40 20 0.136682
40 21 0.165543
40 22 0.197029
40 23 0.230485
40 24 0.265051
40 25 0.299684
40 26 0.333212
40 27 0.364389
40 28 0.391975
40 29 0.414812
40 30 0.431904
40 31 0.442482
40 32 0.446064
40 33 0.442482
40 34 0.431904
40 35 0.414812
40 36 0.391975
40 37 0.364389
40 38 0.333212
40 39 0.299684
40 40 0.265051
40 41 0.230485
40 42 0.197029
40 43 0.165543
40 44 0.136682
40 45 0.110878
40 46 0.088358
40 47 0.069156
40 48 0.053154
40 49 0.040113
40 50 0.029718
40 51 0.021612
40 52 0.015425
40 53 0.010804
40 54 0.007426
40 55 0.005007
40 56 0.003313
40 57 0.002150
40 58 0.001368
40 59 0.000852
40 60 0.000510
40 61 0.000273
40 62 0.000118
40 63 0.000000

41 0 0.000000
41 1 0.000060
41 2 0.000140
41 3 0.000264
41 4 0.000448
41 5 0.000734
41 6 0.001176
41 7 0.001849
41 8 0.002850
41 9 0.004311
41 10 0.006397
41 11 0.009313
41 12 0.013305
41 13 0.018654
41 14 0.025668
41 15 0.034671
41 16 0.045974
41 17 0.059858
41 18 0.076532
41 19 0.096106
41 20 0.118554
41 21 0.143686
41 22 0.171126
41 23 0.200309
41 24 0.230485
41 25 0.260743
41 26 0.290056
41 27 0.317331
41 28 0.341478
41 29 0.361477
41 30 0.376449
41 31 0.385719
41 32 0.388857
41 33 0.385719
41 34 0.376449
41 35 0.361477
41 36 0.341478
41 37 0.317331
41 38 0.290056
41 39 0.260743
41 40 0.230485
41 41 0.200309
41 42 0.171126
41 43 0.143686
41 44 0.118554
41 45 0.096106
41 46 0.076532
41 47 0.059858
41 48 0.045974
41 49 0.034671
41 50 0.025668
41 51 0.018654
41 52 0.013305
41 53 0.009313
41 54 0.006397
41 55 0.004311
41 56 0.002850
41 57 0.001849
41 58 0.001176
41 59 0.000732
41 60 0.000438
41 61 0.000235
41 62 0.000101
41 63 0.000000

42 0 0.000000
42 1 0.000051
42 2 0.000118
42 3 0.000222
42 4 0.000378
42 5 0.000619
42 6 0.000993
42 7 0.001561
42 8 0.002409
42 9 0.003646
42 10 0.005413
42 11 0.007887
42 12 0.011275
42 13 0.015819
42 14 0.021784
42 15 0.029446
42 16 0.039076
42 17 0.050915
42 18 0.065147
42 19 0.081872
42 20 0.101070
42 21 0.122584
42 22 0.146097
42 23 0.171126
42 24 0.197029
42 25 0.223023
42 26 0.248224
42 27 0.271689
42 28 0.292475
42 29 0.309698
42 30 0.322598
42 31 0.330585
42 32 0.333290
42 33 0.330585
42 34 0.322598
42 35 0.309698
42 36 0.292475
42 37 0.271689
42 38 0.248224
42 39 0.223023
42 40 0.197029
42 41 0.171126
42 42 0.146097
42 43 0.122584
42 44 0.101070
42 45 0.081872
42 46 0.065147
42 47 0.050915
42 48 0.039076
42 49 0.029446
42 50 0.021784
42 51 0.015819
42 52 0.011275
42 53 0.007887
42 54 0.005413
42 55 0.003646
42 56 0.002409
42 57 0.001561
42 58 0.000993
42 59 0.000618
42 60 0.000369
42 61 0.000198
42 62 0.000085
42 63 0.000000

43 0 0.000000
43 1 0.000042
43 2 0.000098
43 3 0.000184
43 4 0.000313
43 5 0.000513
43 6 0.000823
43 7 0.001295
43 8 0.001999
43 9 0.003028
43 10 0.004500
43 11 0.006560
43 12 0.009386
43 13 0.013179
43 14 0.018163
43 15 0.024571
43 16 0.032633
43 17 0.042554
43 18 0.054494
43 19 0.068538
43 20 0.084677
43 21 0.102780
43 22 0.122584
43 23 0.143686
43 24 0.165543
43 25 0.187497
43 26 0.208797
43 27 0.228643
43 28 0.246234
43 29 0.260817
43 30 0.271743
43 31 0.278511
43 32 0.280803
43 33 0.278511
43 34 0.271743
43 35 0.260817
43 36 0.246234
43 37 0.228643
43 38 0.208797
43 39 0.187497
43 40 0.165543
43 41 0.143686
43 42 0.122584
43 43 0.102780
43 44 0.084677
43 45 0.068538
43 46 0.054494
43 47 0.042554
43 48 0.032633
43 49 0.024571
43 50 0.018163
43 51 0.013179
43 52 0.009386
43 53 0.006560
43 54 0.004500
43 55 0.003028
43 56 0.001999
43 57 0.001295
43 58 0.000823
43 59 0.000512
43 60 0.000306
43 61 0.000164
43 62 0.000071
43 63 0.000000

44 0 0.000000
44 1 0.000034
44 2 0.000079
44 3 0.000149
44 4 0.000254
44 5 0.000417
44 6 0.000670
44 7 0.001055
44 8 0.001630
44 9 0.002470
44 10 0.003674
44 11 0.005360
44 12 0.007675
44 13 0.010786
44 14 0.014877
44 15 0.020143
44 16 0.026774
44 17 0.034944
44 18 0.044786
44 19 0.056375
44 20 0.069707
44 21 0.084677
44 22 0.101070
44 23 0.118554
44 24 0.136682
44 25 0.154904
44 26 0.172599
44 27 0.189097
44 28 0.203729
44 29 0.215865
44 30 0.224962
44 31 0.230597
44 32 0.232506
44 33 0.230597
44 34 0.224962
44 35 0.215865
44 36 0.203729
44 37 0.189097
44 38 0.172599
44 39 0.154904
44 40 0.136682
44 41 0.118554
44 42 0.101070
44 43 0.084677
44 44 0.069707
44 45 0.056375
44 46 0.044786
44 47 0.034944
44 48 0.026774
44 49 0.020143
44 50 0.014877
44 51 0.010786
44 52 0.007675
44 53 0.005360
44 54 0.003674
44 55 0.002470
44 56 0.001630
44 57 0.001055
44 58 0.000670
44 59 0.000416
44 60 0.000249
44 61 0.000134
44 62 0.000058
44 63 0.000000

45 0 0.000000
45 1 0.000027
45 2 0.000063
45 3 0.000119
45 4 0.000203
45 5 0.000333
45 6 0.000536
45 7 0.000844
45 8 0.001305
45 9 0.001979
45 10 0.002946
45 11 0.004302
45 12 0.006165
45 13 0.008671
45 14 0.011969
45 15 0.016220
45 16 0.021579
45 17 0.028188
45 18 0.036159
45 19 0.045555
45 20 0.056375
45 21 0.068538
45 22 0.081872
45 23 0.096106
45 24 0.110878
45 25 0.125741
45 26 0.140185
45 27 0.153661
45 28 0.165621
45 29 0.175546
45 30 0.182987
45 31 0.187599
45 32 0.189161
45 33 0.187599
45 34 0.182987
45 35 0.175546
45 36 0.165621
45 37 0.153661
45 38 0.140185
45 39 0.125741
45 40 0.110878
45 41 0.096106
45 42 0.081872
45 43 0.068538
45 44 0.056375
45 45 0.045555
45 46 0.036159
45 47 0.028188
45 48 0.021579
45 49 0.016220
45 50 0.011969
45 51 0.008671
45 52 0.006165
45 53 0.004302
45 54 0.002946
45 55 0.001979
45 56 0.001305
45 57 0.000844
45 58 0.000536
45 59 0.000333
45 60 0.000199
45 61 0.000107
45 62 0.000046
45 63 0.000000

46 0 0.000000
46 1 0.000021
46 2 0.000050
46 3 0.000093
46 4 0.000159
46 5 0.000261
46 6 0.000420
46 7 0.000663
46 8 0.001026
46 9 0.001557
46 10 0.002320
46 11 0.003390
46 12 0.004863
46 13 0.006845
46 14 0.009458
46 15 0.012829
46 16 0.017083
46 17 0.022335
46 18 0.028676
46 19 0.036159
46 20 0.044786
46 21 0.054494
46 22 0.065147
46 23 0.076532
46 24 0.088358
46 25 0.100267
46 26 0.111849
46 27 0.122663
46 28 0.132266
46 29 0.140240
46 30 0.146220
46 31 0.149927
46 32 0.151183
46 33 0.149927
46 34 0.146220
46 35 0.140240
46 36 0.132266
46 37 0.122663
46 38 0.111849
46 39 0.100267
46 40 0.088358
46 41 0.076532
46 42 0.065147
46 43 0.054494
46 44 0.044786
46 45 0.036159
46 46 0.028676
46 47 0.022335
46 48 0.017083
46 49 0.012829
46 50 0.009458
46 51 0.006845
46 52 0.004863
46 53 0.003390
46 54 0.002320
46 55 0.001557
46 56 0.001026
46 57 0.000663
46 58 0.000420
46 59 0.000261
46 60 0.000156
46 61 0.000084
46 62 0.000036
46 63 0.000000

47 0 0.000000
47 1 0.000016
47 2 0.000038
47 3 0.000072
47 4 0.000123
47 5 0.000201
47 6 0.000324
47 7 0.000511
47 8 0.000792
47 9 0.001203
47 10 0.001794
47 11 0.002624
47 12 0.003767
47 13 0.005307
47 14 0.007340
47 15 0.009964
47 16 0.013281
47 17 0.017380
47 18 0.022335
47 19 0.028188
47 20 0.034944
47 21 0.042554
47 22 0.050915
47 23 0.059858
47 24 0.069156
47 25 0.078528
47 26 0.087650
47 27 0.096174
47 28 0.103747
47 29 0.110038
47 30 0.114759
47 31 0.117686
47 32 0.118677
47 33 0.117686
47 34 0.114759
47 35 0.110038
47 36 0.103747
47 37 0.096174
47 38 0.087650
47 39 0.078528
47 40 0.069156
47 41 0.059858
47 42 0.050915
47 43 0.042554
47 44 0.034944
47 45 0.028188
47 46 0.022335
47 47 0.017380
47 48 0.013281
47 49 0.009964
47 50 0.007340
47 51 0.005307
47 52 0.003767
47 53 0.002624
47 54 0.001794
47 55 0.001203
47 56 0.000792
47 57 0.000511
47 58 0.000324
47 59 0.000201
47 60 0.000120
47 61 0.000065
47 62 0.000028
47 63 0.000000

48 0 0.000000
48 1 0.000012
48 2 0.000029
48 3 0.000054
48 4 0.000093
48 5 0.000152
48 6 0.000245
48 7 0.000387
48 8 0.000600
48 9 0.000913
48 10 0.001362
48 11 0.001994
48 12 0.002865
48 13 0.004041
48 14 0.005593
48 15 0.007600
48 16 0.010139
48 17 0.013281
48 18 0.017083
48 19 0.021579
48 20 0.026774
48 21 0.032633
48 22 0.039076
48 23 0.045974
48 24 0.053154
48 25 0.060396
48 26 0.067451
48 27 0.074048
48 28 0.079912
48 29 0.084787
48 30 0.088445
48 31 0.090715
48 32 0.091484
48 33 0.090715
48 34 0.088445
48 35 0.084787
48 36 0.079912
48 37 0.074048
48 38 0.067451
48 39 0.060396
48 40 0.053154
48 41 0.045974
48 42 0.039076
48 43 0.032633
48 44 0.026774
48 45 0.021579
48 46 0.017083
48 47 0.013281
48 48 0.010139
48 49 0.007600
48 50 0.005593
48 51 0.004041
48 52 0.002865
48 53 0.001994
48 54 0.001362
48 55 0.000913
48 56 0.000600
48 57 0.000387
48 58 0.000245
48 59 0.000152
48 60 0.000091
48 61 0.000049
48 62 0.000021
48 63 0.000000

49 0 0.000000
49 1 0.000009
49 2 0.000021
49 3 0.000040
49 4 0.000069
49 5 0.000113
49 6 0.000182
49 7 0.000288
49 8 0.000447
49 9 0.000680
49 10 0.001015
49 11 0.001488
49 12 0.002140
49 13 0.003020
49 14 0.004185
49 15 0.005692
49 16 0.007600
49 17 0.009964
49 18 0.012829
49 19 0.016220
49 20 0.020143
49 21 0.024571
49 22 0.029446
49 23 0.034671
49 24 0.040113
49 25 0.045608
49 26 0.050965
49 27 0.055977
49 28 0.060436
49 29 0.064143
49 30 0.066927
49 31 0.068654
49 32 0.069240
49 33 0.068654
49 34 0.066927
49 35 0.064143
49 36 0.060436
49 37 0.055977
49 38 0.050965
49 39 0.045608
49 40 0.040113
49 41 0.034671
49 42 0.029446
49 43 0.024571
49 44 0.020143
49 45 0.016220
49 46 0.012829
49 47 0.009964
49 48 0.007600
49 49 0.005692
49 50 0.004185
49 51 0.003020
49 52 0.002140
49 53 0.001488
49 54 0.001015
49 55 0.000680
49 56 0.000447
49 57 0.000288
49 58 0.000182
49 59 0.000113
49 60 0.000067
49 61 0.000036
49 62 0.000016
49 63 0.000000

50 0 0.000000
50 1 0.000007
50 2 0.000016
50 3 0.000029
50 4 0.000050
50 5 0.000082
50 6 0.000133
50 7 0.000210
50 8 0.000326
50 9 0.000497
50 10 0.000743
50 11 0.001090
50 12 0.001569
50 13 0.002216
50 14 0.003074
50 15 0.004185
50 16 0.005593
50 17 0.007340
50 18 0.009458
50 19 0.011969
50 20 0.014877
50 21 0.018163
50 22 0.021784
50 23 0.025668
50 24 0.029718
50 25 0.033811
50 26 0.037803
50 27 0.041542
50 28 0.044869
50 29 0.047637
50 30 0.049716
50 31 0.051007
50 32 0.051444
50 33 0.051007
50 34 0.049716
50 35 0.047637
50 36 0.044869
50 37 0.041542
50 38 0.037803
50 39 0.033811
50 40 0.029718
50 41 0.025668
50 42 0.021784
50 43 0.018163
50 44 0.014877
50 45 0.011969
50 46 0.009458
50 47 0.007340
50 48 0.005593
50 49 0.004185
50 50 0.003074
50 51 0.002216
50 52 0.001569
50 53 0.001090
50 54 0.000743
50 55 0.000497
50 56 0.000326
50 57 0.000210
50 58 0.000133
50 59 0.000082
50 60 0.000049
50 61 0.000026
50 62 0.000011
50 63 0.000000

51 0 0.000000
51 1 0.000005
51 2 0.000011
51 3 0.000021
51 4 0.000036
51 5 0.000059
51 6 0.000095
51 7 0.000151
51 8 0.000234
51 9 0.000357
51 10 0.000534
51 11 0.000784
51 12 0.001129
51 13 0.001597
51 14 0.002216
51 15 0.003020
51 16 0.004041
51 17 0.005307
51 18 0.006845
51 19 0.008671
51 20 0.010786
51 21 0.013179
51 22 0.015819
51 23 0.018654
51 24 0.021612
51 25 0.024603
51 26 0.027524
51 27 0.030260
51 28 0.032697
51 29 0.034725
51 30 0.036249
51 31 0.037195
51 32 0.037516
51 33 0.037195
51 34 0.036249
51 35 0.034725
51 36 0.032697
51 37 0.030260
51 38 0.027524
51 39 0.024603
51 40 0.021612
51 41 0.018654
51 42 0.015819
51 43 0.013179
51 44 0.010786
51 45 0.008671
51 46 0.006845
51 47 0.005307
51 48 0.004041
51 49 0.003020
51 50 0.002216
51 51 0.001597
51 52 0.001129
51 53 0.000784
51 54 0.000534
51 55 0.000357
51 56 0.000234
51 57 0.000151
51 58 0.000095
51 59 0.000059
51 60 0.000035
51 61 0.000019
51 62 0.000008
51 63 0.000000

52 0 0.000000
52 1 0.000003
52 2 0.000008
52 3 0.000015
52 4 0.000025
52 5 0.000041
52 6 0.000067
52 7 0.000106
52 8 0.000165
52 9 0.000251
52 10 0.000376
52 11 0.000553
52 12 0.000798
52 13 0.001129
52 14 0.001569
52 15 0.002140
52 16 0.002865
52 17 0.003767
52 18 0.004863
52 19 0.006165
52 20 0.007675
52 21 0.009386
52 22 0.011275
52 23 0.013305
52 24 0.015425
52 25 0.017571
52 26 0.019668
52 27 0.021633
52 28 0.023384
52 29 0.024843
52 30 0.025939
52 31 0.026619
52 32 0.026850
52 33 0.026619
52 34 0.025939
52 35 0.024843
52 36 0.023384
52 37 0.021633
52 38 0.019668
52 39 0.017571
52 40 0.015425
52 41 0.013305
52 42 0.011275
52 43 0.009386
52 44 0.007675
52 45 0.006165
52 46 0.004863
52 47 0.003767
52 48 0.002865
52 49 0.002140
52 50 0.001569
52 51 0.001129
52 52 0.000798
52 53 0.000553
52 54 0.000376
52 55 0.000251
52 56 0.000165
52 57 0.000106
52 58 0.000067
52 59 0.000041
52 60 0.000025
52 61 0.000013
52 62 0.000006
52 63 0.000000

53 0 0.000000
53 1 0.000002
53 2 0.000005
53 3 0.000010
53 4 0.000017
53 5 0.000028
53 6 0.000046
53 7 0.000073
53 8 0.000114
53 9 0.000174
53 10 0.000260
53 11 0.000383
53 12 0.000553
53 13 0.000784
53 14 0.001090
53 15 0.001488
53 16 0.001994
53 17 0.002624
53 18 0.003390
53 19 0.004302
53 20 0.005360
53 21 0.006560
53 22 0.007887
53 23 0.009313
53 24 0.010804
53 25 0.012315
53 26 0.013791
53 27 0.015176
53 28 0.016411
53 29 0.017440
53 30 0.018213
53 31 0.018694
53 32 0.018857
53 33 0.018694
53 34 0.018213
53 35 0.017440
53 36 0.016411
53 37 0.015176
53 38 0.013791
53 39 0.012315
53 40 0.010804
53 41 0.009313
53 42 0.007887
53 43 0.006560
53 44 0.005360
53 45 0.004302
53 46 0.003390
53 47 0.002624
53 48 0.001994
53 49 0.001488
53 50 0.001090
53 51 0.000784
53 52 0.000553
53 53 0.000383
53 54 0.000260
53 55 0.000174
53 56 0.000114
53 57 0.000073
53 58 0.000046
53 59 0.000028
53 60 0.000017
53 61 0.000009
53 62 0.000004
53 63 0.000000

54 0 0.000000
54 1 0.000002
54 2 0.000004
54 3 0.000007
54 4 0.000012
54 5 0.000019
54 6 0.000031
54 7 0.000050
54 8 0.000077
54 9 0.000118
54 10 0.000177
54 11 0.000260
54 12 0.000376
54 13 0.000534
54 14 0.000743
54 15 0.001015
54 16 0.001362
54 17 0.001794
54 18 0.002320
54 19 0.002946
54 20 0.003674
54 21 0.004500
54 22 0.005413
54 23 0.006397
54 24 0.007426
54 25 0.008469
54 26 0.009489
54 27 0.010447
54 28 0.011301
54 29 0.012013
54 30 0.012548
54 31 0.012881
54 32 0.012993
54 33 0.012881
54 34 0.012548
54 35 0.012013
54 36 0.011301
54 37 0.010447
54 38 0.009489
54 39 0.008469
54 40 0.007426
54 41 0.006397
54 42 0.005413
54 43 0.004500
54 44 0.003674
54 45 0.002946
54 46 0.002320
54 47 0.001794
54 48 0.001362
54 49 0.001015
54 50 0.000743
54 51 0.000534
54 52 0.000376
54 53 0.000260
54 54 0.000177
54 55 0.000118
54 56 0.000077
54 57 0.000050
54 58 0.000031
54 59 0.000019
54 60 0.000011
54 61 0.000006
54 62 0.000003
54 63 0.000000

55 0 0.000000
55 1 0.000001
55 2 0.000002
55 3 0.000005
55 4 0.000008
55 5 0.000013
55 6 0.000021
55 7 0.000033
55 8 0.000051
55 9 0.000079
55 10 0.000118
55 11 0.000174
55 12 0.000251
55 13 0.000357
55 14 0.000497
55 15 0.000680
55 16 0.000913
55 17 0.001203
55 18 0.001557
55 19 0.001979
55 20 0.002470
55 21 0.003028
55 22 0.003646
55 23 0.004311
55 24 0.005007
55 25 0.005714
55 26 0.006406
55 27 0.007055
55 28 0.007635
55 29 0.008118
55 30 0.008481
55 31 0.008707
55 32 0.008784
55 33 0.008707
55 34 0.008481
55 35 0.008118
55 36 0.007635
55 37 0.007055
55 38 0.006406
55 39 0.005714
55 40 0.005007
55 41 0.004311
55 42 0.003646
55 43 0.003028
55 44 0.002470
55 45 0.001979
55 46 0.001557
55 47 0.001203
55 48 0.000913
55 49 0.000680
55 50 0.000497
55 51 0.000357
55 52 0.000251
55 53 0.000174
55 54 0.000118
55 55 0.000079
55 56 0.000051
55 57 0.000033
55 58 0.000021
55 59 0.000013
55 60 0.000008
55 61 0.000004
55 62 0.000002
55 63 0.000000

56 0 0.000000
56 1 0.000001
56 2 0.000002
56 3 0.000003
56 4 0.000005
56 5 0.000008
56 6 0.000014
56 7 0.000021
56 8 0.000034
56 9 0.000051
56 10 0.000077
56 11 0.000114
56 12 0.000165
56 13 0.000234
56 14 0.000326
56 15 0.000447
56 16 0.000600
56 17 0.000792
56 18 0.001026
56 19 0.001305
56 20 0.001630
56 21 0.001999
56 22 0.002409
56 23 0.002850
56 24 0.003313
56 25 0.003782
56 26 0.004242
56 27 0.004674
56 28 0.005060
56 29 0.005382
56 30 0.005624
56 31 0.005774
56 32 0.005825
56 33 0.005774
56 34 0.005624
56 35 0.005382
56 36 0.005060
56 37 0.004674
56 38 0.004242
56 39 0.003782
56 40 0.003313
56 41 0.002850
56 42 0.002409
56 43 0.001999
56 44 0.001630
56 45 0.001305
56 46 0.001026
56 47 0.000792
56 48 0.000600
56 49 0.000447
56 50 0.000326
56 51 0.000234
56 52 0.000165
56 53 0.000114
56 54 0.000077
56 55 0.000051
56 56 0.000034
56 57 0.000021
56 58 0.000014
56 59 0.000008
56 60 0.000005
56 61 0.000003
56 62 0.000001
56 63 0.000000

57 0 0.000000
57 1 0.000000
57 2 0.000001
57 3 0.000002
57 4 0.000003
57 5 0.000005
57 6 0.000009
57 7 0.000014
57 8 0.000021
57 9 0.000033
57 10 0.000050
57 11 0.000073
57 12 0.000106
57 13 0.000151
57 14 0.000210
57 15 0.000288
57 16 0.000387
57 17 0.000511
57 18 0.000663
57 19 0.000844
57 20 0.001055
57 21 0.001295
57 22 0.001561
57 23 0.001849
57 24 0.002150
57 25 0.002456
57 26 0.002756
57 27 0.003038
57 28 0.003289
57 29 0.003500
57 30 0.003658
57 31 0.003756
57 32 0.003789
57 33 0.003756
57 34 0.003658
57 35 0.003500
57 36 0.003289
57 37 0.003038
57 38 0.002756
57 39 0.002456
57 40 0.002150
57 41 0.001849
57 42 0.001561
57 43 0.001295
57 44 0.001055
57 45 0.000844
57 46 0.000663
57 47 0.000511
57 48 0.000387
57 49 0.000288
57 50 0.000210
57 51 0.000151
57 52 0.000106
57 53 0.000073
57 54 0.000050
57 55 0.000033
57 56 0.000021
57 57 0.000014
57 58 0.000009
57 59 0.000005
57 60 0.000003
57 61 0.000002
57 62 0.000001
57 63 0.000000

58 0 0.000000
58 1 0.000000
58 2 0.000001
58 3 0.000001
58 4 0.000002
58 5 0.000003
58 6 0.000005
58 7 0.000009
58 8 0.000014
58 9 0.000021
58 10 0.000031
58 11 0.000046
58 12 0.000067
58 13 0.000095
58 14 0.000133
58 15 0.000182
58 16 0.000245
58 17 0.000324
58 18 0.000420
58 19 0.000536
58 20 0.000670
58 21 0.000823
58 22 0.000993
58 23 0.001176
58 24 0.001368
58 25 0.001564
58 26 0.001756
58 27 0.001936
58 28 0.002097
58 29 0.002232
58 30 0.002333
58 31 0.002396
58 32 0.002417
58 33 0.002396
58 34 0.002333
58 35 0.002232
58 36 0.002097
58 37 0.001936
58 38 0.001756
58 39 0.001564
58 40 0.001368
58 41 0.001176
58 42 0.000993
58 43 0.000823
58 44 0.000670
58 45 0.000536
58 46 0.000420
58 47 0.000324
58 48 0.000245
58 49 0.000182
58 50 0.000133
58 51 0.000095
58 52 0.000067
58 53 0.000046
58 54 0.000031
58 55 0.000021
58 56 0.000014
58 57 0.000009
58 58 0.000005
58 59 0.000003
58 60 0.000002
58 61 0.000001
58 62 0.000000
58 63 0.000000

59 0 0.000000
59 1 0.000000
59 2 0.000000
59 3 0.000001
59 4 0.000001
59 5 0.000002
59 6 0.000003
59 7 0.000005
59 8 0.000008
59 9 0.000013
59 10 0.000019
59 11 0.000028
59 12 0.000041
59 13 0.000059
59 14 0.000082
59 15 0.000113
59 16 0.000152
59 17 0.000201
59 18 0.000261
59 19 0.000333
59 20 0.000416
59 21 0.000512
59 22 0.000618
59 23 0.000732
59 24 0.000852
59 25 0.000974
59 26 0.001094
59 27 0.001207
59 28 0.001308
59 29 0.001392
59 30 0.001456
59 31 0.001495
59 32 0.001508
59 33 0.001495
59 34 0.001456
59 35 0.001392
59 36 0.001308
59 37 0.001207
59 38 0.001094
59 39 0.000974
59 40 0.000852
59 41 0.000732
59 42 0.000618
59 43 0.000512
59 44 0.000416
59 45 0.000333
59 46 0.000261
59 47 0.000201
59 48 0.000152
59 49 0.000113
59 50 0.000082
59 51 0.000059
59 52 0.000041
59 53 0.000028
59 54 0.000019
59 55 0.000013
59 56 0.000008
59 57 0.000005
59 58 0.000003
59 59 0.000002
59 60 0.000001
59 61 0.000001
59 62 0.000000
59 63 0.000000

60 0 0.000000
60 1 0.000000
60 2 0.000000
60 3 0.000000
60 4 0.000001
60 5 0.000001
60 6 0.000002
60 7 0.000003
60 8 0.000005
60 9 0.000008
60 10 0.000011
60 11 0.000017
60 12 0.000025
60 13 0.000035
60 14 0.000049
60 15 0.000067
60 16 0.000091
60 17 0.000120
60 18 0.000156
60 19 0.000199
60 20 0.000249
60 21 0.000306
60 22 0.000369
60 23 0.000438
60 24 0.000510
60 25 0.000583
60 26 0.000655
60 27 0.000723
60 28 0.000783
60 29 0.000834
60 30 0.000872
60 31 0.000895
60 32 0.000903
60 33 0.000895
60 34 0.000872
60 35 0.000834
60 36 0.000783
60 37 0.000723
60 38 0.000655
60 39 0.000583
60 40 0.000510
60 41 0.000438
60 42 0.000369
60 43 0.000306
60 44 0.000249
60 45 0.000199
60 46 0.000156
60 47 0.000120
60 48 0.000091
60 49 0.000067
60 50 0.000049
60 51 0.000035
60 52 0.000025
60 53 0.000017
60 54 0.000011
60 55 0.000008
60 56 0.000005
60 57 0.000003
60 58 0.000002
60 59 0.000001
60 60 0.000001
60 61 0.000000
60 62 0.000000
60 63 0.000000

61 0 0.000000
61 1 0.000000
61 2 0.000000
61 3 0.000000
61 4 0.000000
61 5 0.000001
61 6 0.000001
61 7 0.000002
61 8 0.000003
61 9 0.000004
61 10 0.000006
61 11 0.000009
61 12 0.000013
61 13 0.000019
61 14 0.000026
61 15 0.000036
61 16 0.000049
61 17 0.000065
61 18 0.000084
61 19 0.000107
61 20 0.000134
61 21 0.000164
61 22 0.000198
61 23 0.000235
61 24 0.000273
61 25 0.000312
61 26 0.000351
61 27 0.000387
61 28 0.000419
61 29 0.000446
61 30 0.000466
61 31 0.000479
61 32 0.000483
61 33 0.000479
61 34 0.000466
61 35 0.000446
61 36 0.000419
61 37 0.000387
61 38 0.000351
61 39 0.000312
61 40 0.000273
61 41 0.000235
61 42 0.000198
61 43 0.000164
61 44 0.000134
61 45 0.000107
61 46 0.000084
61 47 0.000065
61 48 0.000049
61 49 0.000036
61 50 0.000026
61 51 0.000019
61 52 0.000013
61 53 0.000009
61 54 0.000006
61 55 0.000004
61 56 0.000003
61 57 0.000002
61 58 0.000001
61 59 0.000001
61 60 0.000000
61 61 0.000000
61 62 0.000000
61 63 0.000000

62 0 0.000000
62 1 0.000000
62 2 0.000000
62 3 0.000000
62 4 0.000000
62 5 0.000000
62 6 0.000000
62 7 0.000001
62 8 0.000001
62 9 0.000002
62 10 0.000003
62 11 0.000004
62 12 0.000006
62 13 0.000008
62 14 0.000011
62 15 0.000016
62 16 0.000021
62 17 0.000028
62 18 0.000036
62 19 0.000046
62 20 0.000058
62 21 0.000071
62 22 0.000085
62 23 0.000101
62 24 0.000118
62 25 0.000135
62 26 0.000151
62 27 0.000167
62 28 0.000181
62 29 0.000192
62 30 0.000201
62 31 0.000206
62 32 0.000208
62 33 0.000206
62 34 0.000201
62 35 0.000192
62 36 0.000181
62 37 0.000167
62 38 0.000151
62 39 0.000135
62 40 0.000118
62 41 0.000101
62 42 0.000085
62 43 0.000071
62 44 0.000058
62 45 0.000046
62 46 0.000036
62 47 0.000028
62 48 0.000021
62 49 0.000016
62 50 0.000011
62 51 0.000008
62 52 0.000006
62 53 0.000004
62 54 0.000003
62 55 0.000002
62 56 0.000001
62 57 0.000001
62 58 0.000000
62 59 0.000000
62 60 0.000000
62 61 0.000000
62 62 0.000000
62 63 0.000000

63 0 0.000000
63 1 0.000000
63 2 0.000000
63 3 0.000000
63 4 0.000000
63 5 0.000000
63 6 0.000000
63 7 0.000000
63 8 0.000000
63 9 0.000000
63 10 0.000000
63 11 0.000000
63 12 0.000000
63 13 0.000000
63 14 0.000000
63 15 0.000000
63 16 0.000000
63 17 0.000000
63 18 0.000000
63 19 0.000000
63 20 0.000000
63 21 0.000000
63 22 0.000000
63 23 0.000000
63 24 0.000000
63 25 0.000000
63 26 0.000000
63 27 0.000000
63 28 0.000000
63 29 0.000000
63 30 0.000000
63 31 0.000000
63 32 0.000000
63 33 0.000000
63 34 0.000000
63 35 0.000000
63 36 0.000000
63 37 0.000000
63 38 0.000000
63 39 0.000000
63 40 0.000000
63 41 0.000000
63 42 0.000000
63 43 0.000000
63 44 0.000000
63 45 0.000000
63 46 0.000000
63 47 0.000000
63 48 0.000000
63 49 0.000000
63 50 0.000000
63 51 0.000000
63 52 0.000000
63 53 0.000000
63 54 0.000000
63 55 0.000000
63 56 0.000000
63 57 0.000000
63 58 0.000000
63 59 0.000000
63 60 0.000000
63 61 0.000000
63 62 0.000000
63 63 0.000000

