0 0 0.000000
0 1 0.000000
0 2 0.000000
0 3 0.000000
0 4 0.000000
0 5 0.000000
0 6 0.000000
0 7 0.000000
0 8 0.000000
0 9 0.000000
0 10 0.000000
0 11 0.000000
0 12 0.000000
0 13 0.000000
0 14 0.000000
0 15 0.000000
0 16 0.000000
0 17 0.000000
0 18 0.000000
0 19 0.000000
0 20 0.000000
0 21 0.000000
0 22 0.000000
0 23 0.000000
0 24 0.000000
0 25 0.000000
0 26 0.000000
0 27 0.000000
0 28 0.000000
0 29 0.000000
0 30 0.000000
0 31 0.000000
0 32 0.000000
0 33 0.000000
0 34 0.000000
0 35 0.000000
0 36 0.000000
0 37 0.000000
0 38 0.000000
0 39 0.000000
0 40 0.000000
0 41 0.000000
0 42 0.000000
0 43 0.000000
0 44 0.000000
0 45 0.000000
0 46 0.000000
0 47 0.000000
0 48 0.000000
0 49 0.000000
0 50 0.000000
0 51 0.000000
0 52 0.000000
0 53 0.000000
0 54 0.000000
0 55 0.000000
0 56 0.000000
0 57 0.000000
0 58 0.000000
0 59 0.000000
0 60 0.000000
0 61 0.000000
0 62 0.000000
0 63 0.000000

1 0 0.000000
1 1 0.000000
1 2 0.000001
1 3 0.000002
1 4 0.000003
1 5 0.000005
1 6 0.000007
1 7 0.000011
1 8 0.000016
1 9 0.000023
1 10 0.000032
1 11 0.000045
1 12 0.000061
1 13 0.000082
1 14 0.000109
1 15 0.000142
1 16 0.000182
1 17 0.000229
1 18 0.000284
1 19 0.000347
1 20 0.000418
1 21 0.000494
1 22 0.000576
1 23 0.000661
1 24 0.000748
1 25 0.000833
1 26 0.000915
1 27 0.000990
1 28 0.001056
1 29 0.001110
1 30 0.001150
1 31 0.001175
1 32 0.001184
1 33 0.001175
1 34 0.001150
1 35 0.001110
1 36 0.001056
1 37 0.000990
1 38 0.000915
1 39 0.000833
1 40 0.000748
1 41 0.000661
1 42 0.000576
1 43 0.000494
1 44 0.000418
1 45 0.000347
1 46 0.000284
1 47 0.000229
1 48 0.000182
1 49 0.000142
1 50 0.000109
1 51 0.000082
1 52 0.000061
1 53 0.000045
1 54 0.000032
1 55 0.000023
1 56 0.000016
1 57 0.000011
1 58 0.000007
1 59 0.000005
1 60 0.000003
1 61 0.000002
1 62 0.000001
1 63 0.000000

2 0 0.000000
2 1 0.000001
2 2 0.000002
2 3 0.000004
2 4 0.000007
2 5 0.000010
2 6 0.000016
2 7 0.000024
2 8 0.000035
2 9 0.000050
2 10 0.000070
2 11 0.000098
2 12 0.000134
2 13 0.000180
2 14 0.000238
2 15 0.000309
2 16 0.000396
2 17 0.000498
2 18 0.000618
2 19 0.000753
2 20 0.000905
2 21 0.001070
2 22 0.001245
2 23 0.001429
2 24 0.001614
2 25 0.001798
2 26 0.001972
2 27 0.002133
2 28 0.002274
2 29 0.002389
2 30 0.002475
2 31 0.002528
2 32 0.002546
2 33 0.002528
2 34 0.002475
2 35 0.002389
2 36 0.002274
2 37 0.002133
2 38 0.001972
2 39 0.001798
2 40 0.001614
2 41 0.001429
2 42 0.001245
2 43 0.001070
2 44 0.000905
2 45 0.000753
2 46 0.000618
2 47 0.000498
2 48 0.000396
2 49 0.000309
2 50 0.000238
2 51 0.000180
2 52 0.000134
2 53 0.000098
2 54 0.000070
2 55 0.000050
2 56 0.000035
2 57 0.000024
2 58 0.000016
2 59 0.000010
2 60 0.000006
2 61 0.000004
2 62 0.000002
2 63 0.000000

3 0 0.000000
3 1 0.000002
3 2 0.000004
3 3 0.000007
3 4 0.000012
3 5 0.000018
3 6 0.000028
3 7 0.000041
3 8 0.000060
3 9 0.000086
3 10 0.000122
3 11 0.000169
3 12 0.000230
3 13 0.000309
3 14 0.000408
3 15 0.000530
3 16 0.000677
3 17 0.000851
3 18 0.001052
3 19 0.001281
3 20 0.001536
3 21 0.001814
3 22 0.002109
3 23 0.002416
3 24 0.002726
3 25 0.003032
3 26 0.003324
3 27 0.003591
3 28 0.003825
3 29 0.004017
3 30 0.004160
3 31 0.004248
3 32 0.004278
3 33 0.004248
3 34 0.004160
3 35 0.004017
3 36 0.003825
3 37 0.003591
3 38 0.003324
3 39 0.003032
3 40 0.002726
3 41 0.002416
3 42 0.002109
3 43 0.001814
3 44 0.001536
3 45 0.001281
3 46 0.001052
3 47 0.000851
3 48 0.000677
3 49 0.000530
3 50 0.000408
3 51 0.000309
3 52 0.000230
3 53 0.000169
3 54 0.000122
3 55 0.000086
3 56 0.000060
3 57 0.000041
3 58 0.000027
3 59 0.000018
3 60 0.000011
3 61 0.000007
3 62 0.000003
3 63 0.000000

4 0 0.000000
4 1 0.000003
4 2 0.000007
4 3 0.000012
4 4 0.000019
4 5 0.000029
4 6 0.000044
4 7 0.000066
4 8 0.000096
4 9 0.000138
4 10 0.000194
4 11 0.000269
4 12 0.000366
4 13 0.000490
4 14 0.000645
4 15 0.000836
4 16 0.001065
4 17 0.001336
4 18 0.001649
4 19 0.002004
4 20 0.002398
4 21 0.002826
4 22 0.003280
4 23 0.003751
4 24 0.004227
4 25 0.004694
4 26 0.005139
4 27 0.005547
4 28 0.005903
4 29 0.006195
4 30 0.006412
4 31 0.006545
4 32 0.006590
4 33 0.006545
4 34 0.006412
4 35 0.006195
4 36 0.005903
4 37 0.005547
4 38 0.005139
4 39 0.004694
4 40 0.004227
4 41 0.003751
4 42 0.003280
4 43 0.002826
4 44 0.002398
4 45 0.002004
4 46 0.001649
4 47 0.001336
4 48 0.001065
4 49 0.000836
4 50 0.000645
4 51 0.000490
4 52 0.000366
4 53 0.000269
4 54 0.000194
4 55 0.000138
4 56 0.000096
4 57 0.000066
4 58 0.000044
4 59 0.000029
4 60 0.000018
4 61 0.000011
4 62 0.000005
4 63 0.000000

5 0 0.000000
5 1 0.000005
5 2 0.000010
5 3 0.000018
5 4 0.000029
5 5 0.000045
5 6 0.000069
5 7 0.000102
5 8 0.000148
5 9 0.000212
5 10 0.000297
5 11 0.000411
5 12 0.000558
5 13 0.000745
5 14 0.000979
5 15 0.001265
5 16 0.001608
5 17 0.002012
5 18 0.002477
5 19 0.003003
5 20 0.003584
5 21 0.004214
5 22 0.004880
5 23 0.005570
5 24 0.006264
5 25 0.006945
5 26 0.007591
5 27 0.008181
5 28 0.008697
5 29 0.009119
5 30 0.009432
5 31 0.009625
5 32 0.009690
5 33 0.009625
5 34 0.009432
5 35 0.009119
5 36 0.008697
5 37 0.008181
5 38 0.007591
5 39 0.006945
5 40 0.006264
5 41 0.005570
5 42 0.004880
5 43 0.004214
5 44 0.003584
5 45 0.003003
5 46 0.002477
5 47 0.002012
5 48 0.001608
5 49 0.001265
5 50 0.000979
5 51 0.000745
5 52 0.000558
5 53 0.000411
5 54 0.000297
5 55 0.000212
5 56 0.000148
5 57 0.000101
5 58 0.000068
5 59 0.000045
5 60 0.000028
5 61 0.000016
5 62 0.000007
5 63 0.000000

6 0 0.000000
6 1 0.000007
6 2 0.000016
6 3 0.000028
6 4 0.000044
6 5 0.000069
6 6 0.000103
6 7 0.000153
6 8 0.000222
6 9 0.000317
6 10 0.000444
6 11 0.000612
6 12 0.000829
6 13 0.001104
6 14 0.001447
6 15 0.001864
6 16 0.002363
6 17 0.002949
6 18 0.003621
6 19 0.004377
6 20 0.005212
6 21 0.006112
6 22 0.007061
6 23 0.008039
6 24 0.009022
6 25 0.009983
6 26 0.010892
6 27 0.011722
6 28 0.012444
6 29 0.013035
6 30 0.013472
6 31 0.013741
6 32 0.013832
6 33 0.013741
6 34 0.013472
6 35 0.013035
6 36 0.012444
6 37 0.011722
6 38 0.010892
6 39 0.009983
6 40 0.009022
6 41 0.008039
6 42 0.007061
6 43 0.006112
6 44 0.005212
6 45 0.004377
6 46 0.003621
6 47 0.002949
6 48 0.002363
6 49 0.001864
6 50 0.001447
6 51 0.001104
6 52 0.000829
6 53 0.000612
6 54 0.000444
6 55 0.000317
6 56 0.000222
6 57 0.000153
6 58 0.000103
6 59 0.000068
6 60 0.000043
6 61 0.000025
6 62 0.000011
6 63 0.000000

7 0 0.000000
7 1 0.000011
7 2 0.000024
7 3 0.000041
7 4 0.000066
7 5 0.000102
7 6 0.000153
7 7 0.000226
7 8 0.000327
7 9 0.000465
7 10 0.000650
7 11 0.000893
7 12 0.001207
7 13 0.001603
7 14 0.002093
7 15 0.002690
7 16 0.003400
7 17 0.004229
7 18 0.005178
7 19 0.006242
7 20 0.007410
7 21 0.008666
7 22 0.009986
7 23 0.011341
7 24 0.012698
7 25 0.014019
7 26 0.015267
7 27 0.016402
7 28 0.017388
7 29 0.018193
7 30 0.018788
7 31 0.019154
7 32 0.019277
7 33 0.019154
7 34 0.018788
7 35 0.018193
7 36 0.017388
7 37 0.016402
7 38 0.015267
7 39 0.014019
7 40 0.012698
7 41 0.011341
7 42 0.009986
7 43 0.008666
7 44 0.007410
7 45 0.006242
7 46 0.005178
7 47 0.004229
7 48 0.003400
7 49 0.002690
7 50 0.002093
7 51 0.001603
7 52 0.001207
7 53 0.000893
7 54 0.000650
7 55 0.000465
7 56 0.000327
7 57 0.000225
7 58 0.000152
7 59 0.000100
7 60 0.000063
7 61 0.000037
7 62 0.000017
7 63 0.000000

8 0 0.000000
8 1 0.000016
8 2 0.000035
8 3 0.000060
8 4 0.000096
8 5 0.000148
8 6 0.000222
8 7 0.000327
8 8 0.000472
8 9 0.000670
8 10 0.000934
8 11 0.001279
8 12 0.001723
8 13 0.002281
8 14 0.002970
8 15 0.003804
8 16 0.004793
8 17 0.005943
8 18 0.007254
8 19 0.008717
8 20 0.010317
8 21 0.012029
8 22 0.013822
8 23 0.015654
8 24 0.017482
8 25 0.019255
8 26 0.020923
8 27 0.022437
8 28 0.023748
8 29 0.024815
8 30 0.025604
8 31 0.026088
8 32 0.026251
8 33 0.026088
8 34 0.025604
8 35 0.024815
8 36 0.023748
8 37 0.022437
8 38 0.020923
8 39 0.019255
8 40 0.017482
8 41 0.015654
8 42 0.013822
8 43 0.012029
8 44 0.010317
8 45 0.008717
8 46 0.007254
8 47 0.005943
8 48 0.004793
8 49 0.003804
8 50 0.002970
8 51 0.002281
8 52 0.001723
8 53 0.001279
8 54 0.000934
8 55 0.000670
8 56 0.000472
8 57 0.000326
8 58 0.000221
8 59 0.000146
8 60 0.000092
8 61 0.000054
8 62 0.000025
8 63 0.000000

9 0 0.000000
9 1 0.000023
9 2 0.000050
9 3 0.000086
9 4 0.000138
9 5 0.000212
9 6 0.000317
9 7 0.000465
9 8 0.000670
9 9 0.000948
9 10 0.001317
9 11 0.001798
9 12 0.002414
9 13 0.003186
9 14 0.004135
9 15 0.005278
9 16 0.006629
9 17 0.008192
9 18 0.009964
9 19 0.011934
9 20 0.014077
9 21 0.016359
9 22 0.018737
9 23 0.021156
9 24 0.023559
9 25 0.025880
9 26 0.028055
9 27 0.030021
9 28 0.031718
9 29 0.033097
9 30 0.034113
9 31 0.034735
9 32 0.034945
9 33 0.034735
9 34 0.034113
9 35 0.033097
9 36 0.031718
9 37 0.030021
9 38 0.028055
9 39 0.025880
9 40 0.023559
9 41 0.021156
9 42 0.018737
9 43 0.016359
9 44 0.014077
9 45 0.011934
9 46 0.009964
9 47 0.008192
9 48 0.006629
9 49 0.005278
9 50 0.004135
9 51 0.003186
9 52 0.002414
9 53 0.001798
9 54 0.001317
9 55 0.000947
9 56 0.000670
9 57 0.000464
9 58 0.000315
9 59 0.000209
9 60 0.000132
9 61 0.000077
9 62 0.000036
9 63 0.000000

10 0 0.000000
10 1 0.000032
10 2 0.000070
10 3 0.000122
10 4 0.000194
10 5 0.000297
10 6 0.000444
10 7 0.000650
10 8 0.000934
10 9 0.001317
10 10 0.001824
10 11 0.002484
10 12 0.003323
10 13 0.004371
10 14 0.005653
10 15 0.007190
10 16 0.008997
10 17 0.011078
10 18 0.013426
10 19 0.016022
10 20 0.018830
10 21 0.021805
10 22 0.024888
10 23 0.028008
10 24 0.031089
10 25 0.034051
10 26 0.036814
10 27 0.039300
10 28 0.041440
10 29 0.043171
10 30 0.044444
10 31 0.045223
10 32 0.045485
10 33 0.045223
10 34 0.044444
10 35 0.043171
10 36 0.041440
10 37 0.039300
10 38 0.036814
10 39 0.034051
10 40 0.031089
10 41 0.028008
10 42 0.024888
10 43 0.021805
10 44 0.018830
10 45 0.016022
10 46 0.013426
10 47 0.011078
10 48 0.008997
10 49 0.007190
10 50 0.005653
10 51 0.004371
10 52 0.003323
10 53 0.002484
10 54 0.001824
10 55 0.001317
10 56 0.000933
10 57 0.000649
10 58 0.000442
10 59 0.000293
10 60 0.000187
10 61 0.000109
10 62 0.000050
10 63 0.000000

11 0 0.000000
11 1 0.000045
11 2 0.000098
11 3 0.000169
11 4 0.000269
11 5 0.000411
11 6 0.000612
11 7 0.000893
11 8 0.001279
11 9 0.001798
11 10 0.002484
11 11 0.003370
11 12 0.004493
11 13 0.005889
11 14 0.007589
11 15 0.009618
11 16 0.011989
11 17 0.014705
11 18 0.017752
11 19 0.021100
11 20 0.024701
11 21 0.028492
11 22 0.032396
11 23 0.036322
11 24 0.040176
11 25 0.043859
11 26 0.047276
11 27 0.050334
11 28 0.052953
11 29 0.055064
11 30 0.056612
11 31 0.057557
11 32 0.057875
11 33 0.057557
11 34 0.056612
11 35 0.055064
11 36 0.052953
11 37 0.050334
11 38 0.047276
11 39 0.043859
11 40 0.040176
11 41 0.036322
11 42 0.032396
11 43 0.028492
11 44 0.024701
11 45 0.021100
11 46 0.017752
11 47 0.014705
11 48 0.011989
11 49 0.009618
11 50 0.007589
11 51 0.005889
11 52 0.004493
11 53 0.003370
11 54 0.002483
11 55 0.001798
11 56 0.001278
11 57 0.000891
11 58 0.000609
11 59 0.000405
11 60 0.000258
11 61 0.000152
11 62 0.000070
11 63 0.000000

12 0 0.000000
12 1 0.000061
12 2 0.000134
12 3 0.000230
12 4 0.000366
12 5 0.000558
12 6 0.000829
12 7 0.001207
12 8 0.001723
12 9 0.002414
12 10 0.003323
12 11 0.004493
12 12 0.005970
12 13 0.007797
12 14 0.010009
12 15 0.012634
12 16 0.015686
12 17 0.019160
12 18 0.023033
12 19 0.027260
12 20 0.031777
12 21 0.036498
12 22 0.041323
12 23 0.046142
12 24 0.050838
12 25 0.055294
12 26 0.059398
12 27 0.063049
12 28 0.066158
12 29 0.068652
12 30 0.070474
12 31 0.071584
12 32 0.071956
12 33 0.071584
12 34 0.070474
12 35 0.068652
12 36 0.066158
12 37 0.063049
12 38 0.059398
12 39 0.055294
12 40 0.050838
12 41 0.046142
12 42 0.041323
12 43 0.036498
12 44 0.031777
12 45 0.027260
12 46 0.023033
12 47 0.019160
12 48 0.015686
12 49 0.012634
12 50 0.010009
12 51 0.007797
12 52 0.005970
12 53 0.004493
12 54 0.003323
12 55 0.002414
12 56 0.001721
12 57 0.001204
12 58 0.000824
12 59 0.000550
12 60 0.000351
12 61 0.000207
12 62 0.000095
12 63 0.000000

13 0 0.000000
13 1 0.000082
13 2 0.000180
13 3 0.000309
13 4 0.000490
13 5 0.000745
13 6 0.001104
13 7 0.001603
13 8 0.002281
13 9 0.003186
13 10 0.004371
13 11 0.005889
13 12 0.007797
13 13 0.010143
13 14 0.012969
13 15 0.016303
13 16 0.020155
13 17 0.024510
13 18 0.029331
13 19 0.034555
13 20 0.040093
13 21 0.045834
13 22 0.051652
13 23 0.057413
13 24 0.062977
13 25 0.068211
13 26 0.072991
13 27 0.077210
13 28 0.080776
13 29 0.083619
13 30 0.085686
13 31 0.086940
13 32 0.087360
13 33 0.086940
13 34 0.085686
13 35 0.083619
13 36 0.080776
13 37 0.077210
13 38 0.072991
13 39 0.068211
13 40 0.062977
13 41 0.057413
13 42 0.051652
13 43 0.045834
13 44 0.040093
13 45 0.034555
13 46 0.029331
13 47 0.024510
13 48 0.020155
13 49 0.016303
13 50 0.012969
13 51 0.010143
13 52 0.007797
13 53 0.005889
13 54 0.004371
13 55 0.003185
13 56 0.002279
13 57 0.001598
13 58 0.001098
13 59 0.000734
13 60 0.000470
13 61 0.000277
13 62 0.000128
13 63 0.000000

14 0 0.000000
14 1 0.000109
14 2 0.000238
14 3 0.000408
14 4 0.000645
14 5 0.000979
14 6 0.001447
14 7 0.002093
14 8 0.002970
14 9 0.004135
14 10 0.005653
14 11 0.007589
14 12 0.010009
14 13 0.012969
14 14 0.016514
14 15 0.020669
14 16 0.025436
14 17 0.030788
14 18 0.036666
14 19 0.042981
14 20 0.049615
14 21 0.056428
14 22 0.063263
14 23 0.069960
14 24 0.076359
14 25 0.082312
14 26 0.087691
14 27 0.092388
14 28 0.096322
14 29 0.099431
14 30 0.101676
14 31 0.103031
14 32 0.103484
14 33 0.103031
14 34 0.101676
14 35 0.099431
14 36 0.096322
14 37 0.092388
14 38 0.087691
14 39 0.082312
14 40 0.076359
14 41 0.069960
14 42 0.063263
14 43 0.056428
14 44 0.049615
14 45 0.042981
14 46 0.036666
14 47 0.030788
14 48 0.025436
14 49 0.020669
14 50 0.016514
14 51 0.012969
14 52 0.010009
14 53 0.007589
14 54 0.005653
14 55 0.004134
14 56 0.002967
14 57 0.002088
14 58 0.001438
14 59 0.000964
14 60 0.000619
14 61 0.000365
14 62 0.000169
14 63 0.000000

15 0 0.000000
15 1 0.000142
15 2 0.000309
15 3 0.000530
15 4 0.000836
15 5 0.001265
15 6 0.001864
15 7 0.002690
15 8 0.003804
15 9 0.005278
15 10 0.007190
15 11 0.009618
15 12 0.012634
15 13 0.016303
15 14 0.020669
15 15 0.025752
15 16 0.031540
15 17 0.037985
15 18 0.045001
15 19 0.052467
15 20 0.060228
15 21 0.068108
15 22 0.075920
15 23 0.083475
15 24 0.090595
15 25 0.097127
15 26 0.102944
15 27 0.107953
15 28 0.112091
15 29 0.115324
15 30 0.117635
15 31 0.119020
15 32 0.119482
15 33 0.119020
15 34 0.117635
15 35 0.115324
15 36 0.112091
15 37 0.107953
15 38 0.102944
15 39 0.097127
15 40 0.090595
15 41 0.083475
15 42 0.075920
15 43 0.068108
15 44 0.060228
15 45 0.052467
15 46 0.045001
15 47 0.037985
15 48 0.031540
15 49 0.025752
15 50 0.020669
15 51 0.016303
15 52 0.012634
15 53 0.009618
15 54 0.007190
15 55 0.005277
15 56 0.003800
15 57 0.002682
15 58 0.001852
15 59 0.001245
15 60 0.000801
15 61 0.000474
15 62 0.000219
15 63 0.000000

16 0 0.000000
16 1 0.000182
16 2 0.000396
16 3 0.000677
16 4 0.001065
16 5 0.001608
16 6 0.002363
16 7 0.003400
16 8 0.004793
16 9 0.006629
16 10 0.008997
16 11 0.011989
16 12 0.015686
16 13 0.020155
16 14 0.025436
16 15 0.031540
16 16 0.038433
16 17 0.046040
16 18 0.054239
16 19 0.062866
16 20 0.071726
16 21 0.080601
16 22 0.089268
16 23 0.097513
16 24 0.105147
16 25 0.112018
16 26 0.118016
16 27 0.123077
16 28 0.127177
16 29 0.130321
16 30 0.132534
16 31 0.133846
16 32 0.134281
16 33 0.133846
16 34 0.132534
16 35 0.130321
16 36 0.127177
16 37 0.123077
16 38 0.118016
16 39 0.112018
16 40 0.105147
16 41 0.097513
16 42 0.089268
16 43 0.080601
16 44 0.071726
16 45 0.062866
16 46 0.054239
16 47 0.046040
16 48 0.038433
16 49 0.031540
16 50 0.025436
16 51 0.020155
16 52 0.015686
16 53 0.011989
16 54 0.008997
16 55 0.006627
16 56 0.004788
16 57 0.003389
16 58 0.002348
16 59 0.001582
16 60 0.001021
16 61 0.000605
16 62 0.000280
16 63 0.000000

17 0 0.000000
17 1 0.000229
17 2 0.000498
17 3 0.000851
17 4 0.001336
17 5 0.002012
17 6 0.002949
17 7 0.004229
17 8 0.005943
17 9 0.008192
17 10 0.011078
17 11 0.014705
17 12 0.019160
17 13 0.024510
17 14 0.030788
17 15 0.037985
17 16 0.046040
17 17 0.054840
17 18 0.064217
17 19 0.073959
17 20 0.083818
17 21 0.093531
17 22 0.102839
17 23 0.111507
17 24 0.119342
17 25 0.126206
17 26 0.132023
17 27 0.136778
17 28 0.140506
17 29 0.143276
17 30 0.145172
17 31 0.146273
17 32 0.146633
17 33 0.146273
17 34 0.145172
17 35 0.143276
17 36 0.140506
17 37 0.136778
17 38 0.132023
17 39 0.126206
17 40 0.119342
17 41 0.111507
17 42 0.102839
17 43 0.093531
17 44 0.083818
17 45 0.073959
17 46 0.064217
17 47 0.054840
17 48 0.046040
17 49 0.037985
17 50 0.030788
17 51 0.024510
17 52 0.019160
17 53 0.014705
17 54 0.011078
17 55 0.008189
17 56 0.005936
17 57 0.004216
17 58 0.002929
17 59 0.001979
17 60 0.001280
17 61 0.000759
17 62 0.000352
17 63 0.000000

18 0 0.000000
18 1 0.000284
18 2 0.000618
18 3 0.001052
18 4 0.001649
18 5 0.002477
18 6 0.003621
18 7 0.005178
18 8 0.007254
18 9 0.009964
18 10 0.013426
18 11 0.017752
18 12 0.023033
18 13 0.029331
18 14 0.036666
18 15 0.045001
18 16 0.054239
18 17 0.064217
18 18 0.074713
18 19 0.085453
18 20 0.096134
18 21 0.106441
18 22 0.116081
18 23 0.124800
18 24 0.132414
18 25 0.138816
18 26 0.143985
18 27 0.147978
18 28 0.150915
18 29 0.152953
18 30 0.154259
18 31 0.154977
18 32 0.155205
18 33 0.154977
18 34 0.154259
18 35 0.152953
18 36 0.150915
18 37 0.147978
18 38 0.143985
18 39 0.138816
18 40 0.132414
18 41 0.124800
18 42 0.116081
18 43 0.106441
18 44 0.096134
18 45 0.085453
18 46 0.074713
18 47 0.064217
18 48 0.054239
18 49 0.045001
18 50 0.036666
18 51 0.029331
18 52 0.023033
18 53 0.017752
18 54 0.013425
18 55 0.009960
18 56 0.007245
18 57 0.005161
18 58 0.003596
18 59 0.002436
18 60 0.001579
18 61 0.000938
18 62 0.000436
18 63 0.000000

19 0 0.000000
19 1 0.000347
19 2 0.000753
19 3 0.001281
19 4 0.002004
19 5 0.003003
19 6 0.004377
19 7 0.006242
19 8 0.008717
19 9 0.011934
19 10 0.016022
19 11 0.021100
19 12 0.027260
19 13 0.034555
19 14 0.042981
19 15 0.052467
19 16 0.062866
19 17 0.073959
19 18 0.085453
19 19 0.097008
19 20 0.108254
19 21 0.118825
19 22 0.128391
19 23 0.136693
19 24 0.143565
19 25 0.148950
19 26 0.152908
19 27 0.155595
19 28 0.157245
19 29 0.158132
19 30 0.158528
19 31 0.158663
19 32 0.158690
19 33 0.158663
19 34 0.158528
19 35 0.158132
19 36 0.157245
19 37 0.155595
19 38 0.152908
19 39 0.148950
19 40 0.143565
19 41 0.136693
19 42 0.128391
19 43 0.118825
19 44 0.108254
19 45 0.097008
19 46 0.085453
19 47 0.073959
19 48 0.062866
19 49 0.052467
19 50 0.042981
19 51 0.034555
19 52 0.027260
19 53 0.021099
19 54 0.016020
19 55 0.011929
19 56 0.008706
19 57 0.006221
19 58 0.004347
19 59 0.002953
19 60 0.001917
19 61 0.001142
19 62 0.000531
19 63 0.000000

20 0 0.000000
20 1 0.000418
20 2 0.000905
20 3 0.001536
20 4 0.002398
20 5 0.003584
20 6 0.005212
20 7 0.007410
20 8 0.010317
20 9 0.014077
20 10 0.018830
20 11 0.024701
20 12 0.031777
20 13 0.040093
20 14 0.049615
20 15 0.060228
20 16 0.071726
20 17 0.083818
20 18 0.096134
20 19 0.108254
20 20 0.119738
20 21 0.130165
20 22 0.139175
20 23 0.146508
20 24 0.152035
20 25 0.155774
20 26 0.157885
20 27 0.158657
20 28 0.158469
20 29 0.157739
20 30 0.156872
20 31 0.156203
20 32 0.155954
20 33 0.156203
20 34 0.156872
20 35 0.157739
20 36 0.158469
20 37 0.158657
20 38 0.157885
20 39 0.155774
20 40 0.152035
20 41 0.146508
20 42 0.139175
20 43 0.130165
20 44 0.119738
20 45 0.108254
20 46 0.096134
20 47 0.083818
20 48 0.071726
20 49 0.060228
20 50 0.049615
20 51 0.040093
20 52 0.031777
20 53 0.024701
20 54 0.018829
20 55 0.014071
20 56 0.010303
20 57 0.007385
20 58 0.005174
20 59 0.003524
20 60 0.002293
20 61 0.001368
20 62 0.000637
20 63 0.000000

21 0 0.000000
21 1 0.000494
21 2 0.001070
21 3 0.001814
21 4 0.002826
21 5 0.004214
21 6 0.006112
21 7 0.008666
21 8 0.012029
21 9 0.016359
21 10 0.021805
21 11 0.028492
21 12 0.036498
21 13 0.045834
21 14 0.056428
21 15 0.068108
21 16 0.080601
21 17 0.093531
21 18 0.106441
21 19 0.118825
21 20 0.130165
21 21 0.139985
21 22 0.147900
21 23 0.153662
21 24 0.157195
21 25 0.158610
21 26 0.158202
21 27 0.156419
21 28 0.153815
21 29 0.150983
21 30 0.148485
21 31 0.146784
21 32 0.146181
21 33 0.146784
21 34 0.148485
21 35 0.150983
21 36 0.153815
21 37 0.156419
21 38 0.158202
21 39 0.158610
21 40 0.157195
21 41 0.153662
21 42 0.147900
21 43 0.139985
21 44 0.130165
21 45 0.118825
21 46 0.106441
21 47 0.093531
21 48 0.080601
21 49 0.068108
21 50 0.056428
21 51 0.045834
21 52 0.036498
21 53 0.028492
21 54 0.021803
21 55 0.016352
21 56 0.012012
21 57 0.008635
21 58 0.006067
21 59 0.004142
21 60 0.002701
21 61 0.001613
21 62 0.000752
21 63 0.000000

22 0 0.000000
22 1 0.000576
22 2 0.001245
22 3 0.002109
22 4 0.003280
22 5 0.004880
22 6 0.007061
22 7 0.009986
22 8 0.013822
22 9 0.018737
22 10 0.024888
22 11 0.032396
22 12 0.041323
22 13 0.051652
22 14 0.063263
22 15 0.075920
22 16 0.089268
22 17 0.102839
22 18 0.116081
22 19 0.128391
22 20 0.139175
22 21 0.147900
22 22 0.154163
22 23 0.157739
22 24 0.158621
22 25 0.157039
22 26 0.153445
22 27 0.148477
22 28 0.142891
22 29 0.137483
22 30 0.132999
22 31 0.130044
22 32 0.129013
22 33 0.130044
22 34 0.132999
22 35 0.137483
22 36 0.142891
22 37 0.148477
22 38 0.153445
22 39 0.157039
22 40 0.158621
22 41 0.157739
22 42 0.154163
22 43 0.147900
22 44 0.139175
22 45 0.128391
22 46 0.116081
22 47 0.102839
22 48 0.089268
22 49 0.075920
22 50 0.063263
22 51 0.051652
22 52 0.041323
22 53 0.032395
22 54 0.024885
22 55 0.018728
22 56 0.013801
22 57 0.009949
22 58 0.007009
22 59 0.004797
22 60 0.003133
22 61 0.001875
22 62 0.000875
22 63 0.000000

23 0 0.000000
23 1 0.000661
23 2 0.001429
23 3 0.002416
23 4 0.003751
23 5 0.005570
23 6 0.008039
23 7 0.011341
23 8 0.015654
23 9 0.021156
23 10 0.028008
23 11 0.036322
23 12 0.046142
23 13 0.057413
23 14 0.069960
23 15 0.083475
23 16 0.097513
23 17 0.111507
23 18 0.124800
23 19 0.136693
23 20 0.146508
23 21 0.153662
23 22 0.157739
23 23 0.158547
23 24 0.156168
23 25 0.150969
23 26 0.143582
23 27 0.134857
23 28 0.125782
23 29 0.117377
23 30 0.110588
23 31 0.106181
23 32 0.104655
23 33 0.106181
23 34 0.110588
23 35 0.117377
23 36 0.125782
23 37 0.134857
23 38 0.143582
23 39 0.150969
23 40 0.156168
23 41 0.158547
23 42 0.157739
23 43 0.153662
23 44 0.146508
23 45 0.136693
23 46 0.124800
23 47 0.111507
23 48 0.097513
23 49 0.083475
23 50 0.069960
23 51 0.057413
23 52 0.046142
23 53 0.036321
23 54 0.028005
23 55 0.021146
23 56 0.015629
23 57 0.011298
23 58 0.007979
23 59 0.005473
23 60 0.003581
23 61 0.002146
23 62 0.001002
23 63 0.000000

24 0 0.000000
24 1 0.000748
24 2 0.001614
24 3 0.002726
24 4 0.004227
24 5 0.006264
24 6 0.009022
24 7 0.012698
24 8 0.017482
24 9 0.023559
24 10 0.031089
24 11 0.040176
24 12 0.050838
24 13 0.062977
24 14 0.076359
24 15 0.090595
24 16 0.105147
24 17 0.119342
24 18 0.132414
24 19 0.143565
24 20 0.152035
24 21 0.157195
24 22 0.158621
24 23 0.156168
24 24 0.150018
24 25 0.140690
24 26 0.129016
24 27 0.116077
24 28 0.103107
24 29 0.091370
24 30 0.082027
24 31 0.076015
24 32 0.073941
24 33 0.076015
24 34 0.082027
24 35 0.091370
24 36 0.103107
24 37 0.116077
24 38 0.129016
24 39 0.140690
24 40 0.150018
24 41 0.156168
24 42 0.158621
24 43 0.157195
24 44 0.152035
24 45 0.143565
24 46 0.132414
24 47 0.119342
24 48 0.105147
24 49 0.090595
24 50 0.076359
24 51 0.062977
24 52 0.050838
24 53 0.040175
24 54 0.031085
24 55 0.023547
24 56 0.017453
24 57 0.012649
24 58 0.008954
24 59 0.006154
24 60 0.004034
24 61 0.002420
24 62 0.001131
24 63 0.000000

25 0 0.000000
25 1 0.000833
25 2 0.001798
25 3 0.003032
25 4 0.004694
25 5 0.006945
25 6 0.009983
25 7 0.014019
25 8 0.019255
25 9 0.025880
25 10 0.034051
25 11 0.043859
25 12 0.055294
25 13 0.068211
25 14 0.082312
25 15 0.097127
25 16 0.112018
25 17 0.126206
25 18 0.138816
25 19 0.148950
25 20 0.155774
25 21 0.158610
25 22 0.157039
25 23 0.150969
25 24 0.140690
25 25 0.126885
25 26 0.110596
25 27 0.093146
25 28 0.076024
25 29 0.060745
25 30 0.048694
25 31 0.040981
25 32 0.038328
25 33 0.040981
25 34 0.048694
25 35 0.060745
25 36 0.076024
25 37 0.093146
25 38 0.110596
25 39 0.126885
25 40 0.140690
25 41 0.150969
25 42 0.157039
25 43 0.158610
25 44 0.155774
25 45 0.148950
25 46 0.138816
25 47 0.126206
25 48 0.112018
25 49 0.097127
25 50 0.082312
25 51 0.068211
25 52 0.055293
25 53 0.043859
25 54 0.034047
25 55 0.025866
25 56 0.019223
25 57 0.013964
25 58 0.009906
25 59 0.006822
25 60 0.004478
25 61 0.002690
25 62 0.001258
25 63 0.000000

26 0 0.000000
26 1 0.000915
26 2 0.001972
26 3 0.003324
26 4 0.005139
26 5 0.007591
26 6 0.010892
26 7 0.015267
26 8 0.020923
26 9 0.028055
26 10 0.036814
26 11 0.047276
26 12 0.059398
26 13 0.072991
26 14 0.087691
26 15 0.102944
26 16 0.118016
26 17 0.132023
26 18 0.143985
26 19 0.152908
26 20 0.157885
26 21 0.158202
26 22 0.153445
26 23 0.143582
26 24 0.129016
26 25 0.110596
26 26 0.089575
26 27 0.067519
26 28 0.046172
26 29 0.027298
26 30 0.012501
26 31 0.003068
26 32 -0.000173
26 33 0.003068
26 34 0.012501
26 35 0.027298
26 36 0.046172
26 37 0.067519
26 38 0.089575
26 39 0.110596
26 40 0.129016
26 41 0.143582
26 42 0.153445
26 43 0.158202
26 44 0.157885
26 45 0.152908
26 46 0.143985
26 47 0.132023
26 48 0.118016
26 49 0.102944
26 50 0.087691
26 51 0.072991
26 52 0.059398
26 53 0.047274
26 54 0.036810
26 55 0.028040
26 56 0.020887
26 57 0.015206
26 58 0.010808
26 59 0.007455
26 60 0.004900
26 61 0.002947
26 62 0.001379
26 63 0.000000

27 0 0.000000
27 1 0.000990
27 2 0.002133
27 3 0.003591
27 4 0.005547
27 5 0.008181
27 6 0.011722
27 7 0.016402
27 8 0.022437
27 9 0.030021
27 10 0.039300
27 11 0.050334
27 12 0.063049
27 13 0.077210
27 14 0.092388
27 15 0.107953
27 16 0.123077
27 17 0.136778
27 18 0.147978
27 19 0.155595
27 20 0.158657
27 21 0.156419
27 22 0.148477
27 23 0.134857
27 24 0.116077
27 25 0.093146
27 26 0.067519
27 27 0.040993
27 28 0.015557
27 29 -0.006791
27 30 -0.024236
27 31 -0.035328
27 32 -0.039134
27 33 -0.035328
27 34 -0.024236
27 35 -0.006791
27 36 0.015557
27 37 0.040993
27 38 0.067519
27 39 0.093146
27 40 0.116077
27 41 0.134857
27 42 0.148477
27 43 0.156419
27 44 0.158657
27 45 0.155595
27 46 0.147978
27 47 0.136778
27 48 0.123077
27 49 0.107953
27 50 0.092388
27 51 0.077210
27 52 0.063049
27 53 0.050333
27 54 0.039295
27 55 0.030004
27 56 0.022397
27 57 0.016335
27 58 0.011630
27 59 0.008035
27 60 0.005287
27 61 0.003183
27 62 0.001491
27 63 0.000000

28 0 0.000000
28 1 0.001056
28 2 0.002274
28 3 0.003825
28 4 0.005903
28 5 0.008697
28 6 0.012444
28 7 0.017388
28 8 0.023748
28 9 0.031718
28 10 0.041440
28 11 0.052953
28 12 0.066158
28 13 0.080776
28 14 0.096322
28 15 0.112091
28 16 0.127177
28 17 0.140506
28 18 0.150915
28 19 0.157245
28 20 0.158469
28 21 0.153815
28 22 0.142891
28 23 0.125782
28 24 0.103107
28 25 0.076024
28 26 0.046172
28 27 0.015557
28 28 -0.013613
28 29 -0.039128
28 30 -0.058986
28 31 -0.071589
28 32 -0.075908
28 33 -0.071589
28 34 -0.058986
28 35 -0.039128
28 36 -0.013613
28 37 0.015557
28 38 0.046172
28 39 0.076024
28 40 0.103107
28 41 0.125782
28 42 0.142891
28 43 0.153815
28 44 0.158469
28 45 0.157245
28 46 0.150915
28 47 0.140506
28 48 0.127177
28 49 0.112091
28 50 0.096322
28 51 0.080776
28 52 0.066158
28 53 0.052952
28 54 0.041434
28 55 0.031700
28 56 0.023705
28 57 0.017316
28 58 0.012346
28 59 0.008540
28 60 0.005626
28 61 0.003389
28 62 0.001588
28 63 0.000000

29 0 0.000000
29 1 0.001110
29 2 0.002389
29 3 0.004017
29 4 0.006195
29 5 0.009119
29 6 0.013035
29 7 0.018193
29 8 0.024815
29 9 0.033097
29 10 0.043171
29 11 0.055064
29 12 0.068652
29 13 0.083619
29 14 0.099431
29 15 0.115324
29 16 0.130321
29 17 0.143276
29 18 0.152953
29 19 0.158132
29 20 0.157739
29 21 0.150983
29 22 0.137483
29 23 0.117377
29 24 0.091370
29 25 0.060745
29 26 0.027298
29 27 -0.006791
29 28 -0.039128
29 29 -0.067327
29 30 -0.089226
29 31 -0.103107
29 32 -0.107861
29 33 -0.103107
29 34 -0.089226
29 35 -0.067327
29 36 -0.039128
29 37 -0.006791
29 38 0.027298
29 39 0.060745
29 40 0.091370
29 41 0.117377
29 42 0.137483
29 43 0.150983
29 44 0.157739
29 45 0.158132
29 46 0.152953
29 47 0.143276
29 48 0.130321
29 49 0.115324
29 50 0.099431
29 51 0.083619
29 52 0.068652
29 53 0.055063
29 54 0.043165
29 55 0.033077
29 56 0.024770
29 57 0.018117
29 58 0.012932
29 59 0.008954
29 60 0.005903
29 61 0.003559
29 62 0.001668
29 63 0.000000

30 0 0.000000
30 1 0.001150
30 2 0.002475
30 3 0.004160
30 4 0.006412
30 5 0.009432
30 6 0.013472
30 7 0.018788
30 8 0.025604
30 9 0.034113
30 10 0.044444
30 11 0.056612
30 12 0.070474
30 13 0.085686
30 14 0.101676
30 15 0.117635
30 16 0.132534
30 17 0.145172
30 18 0.154259
30 19 0.158528
30 20 0.156872
30 21 0.148485
30 22 0.132999
30 23 0.110588
30 24 0.082027
30 25 0.048694
30 26 0.012501
30 27 -0.024236
30 28 -0.058986
30 29 -0.089226
30 30 -0.112679
30 31 -0.127532
30 32 -0.132616
30 33 -0.127532
30 34 -0.112679
30 35 -0.089226
30 36 -0.058986
30 37 -0.024236
30 38 0.012501
30 39 0.048694
30 40 0.082027
30 41 0.110588
30 42 0.132999
30 43 0.148485
30 44 0.156872
30 45 0.158528
30 46 0.154259
30 47 0.145172
30 48 0.132534
30 49 0.117635
30 50 0.101676
30 51 0.085686
30 52 0.070474
30 53 0.056611
30 54 0.044438
30 55 0.034093
30 56 0.025556
30 57 0.018709
30 58 0.013365
30 59 0.009261
30 60 0.006108
30 61 0.003684
30 62 0.001727
30 63 0.000000

31 0 0.000000
31 1 0.001175
31 2 0.002528
31 3 0.004248
31 4 0.006545
31 5 0.009625
31 6 0.013741
31 7 0.019154
31 8 0.026088
31 9 0.034735
31 10 0.045223
31 11 0.057557
31 12 0.071584
31 13 0.086940
31 14 0.103031
31 15 0.119020
31 16 0.133846
31 17 0.146273
31 18 0.154977
31 19 0.158663
31 20 0.156203
31 21 0.146784
31 22 0.130044
31 23 0.106181
31 24 0.076015
31 25 0.040981
31 26 0.003068
31 27 -0.035328
31 28 -0.071589
31 29 -0.103107
31 30 -0.127532
31 31 -0.142991
31 32 -0.148283
31 33 -0.142991
31 34 -0.127532
31 35 -0.103107
31 36 -0.071589
31 37 -0.035328
31 38 0.003068
31 39 0.040981
31 40 0.076015
31 41 0.106181
31 42 0.130044
31 43 0.146784
31 44 0.156203
31 45 0.158663
31 46 0.154977
31 47 0.146273
31 48 0.133846
31 49 0.119020
31 50 0.103031
31 51 0.086939
31 52 0.071583
31 53 0.057556
31 54 0.045216
31 55 0.034715
31 56 0.026039
31 57 0.019073
31 58 0.013632
31 59 0.009450
31 60 0.006235
31 61 0.003762
31 62 0.001764
31 63 0.000000

32 0 0.000000
32 1 0.001184
32 2 0.002546
32 3 0.004278
32 4 0.006590
32 5 0.009690
32 6 0.013832
32 7 0.019277
32 8 0.026251
32 9 0.034945
32 10 0.045485
32 11 0.057875
32 12 0.071956
32 13 0.087360
32 14 0.103484
32 15 0.119482
32 16 0.134281
32 17 0.146633
32 18 0.155205
32 19 0.158690
32 20 0.155954
32 21 0.146181
32 22 0.129013
32 23 0.104655
32 24 0.073941
32 25 0.038328
32 26 -0.000173
32 27 -0.039134
32 28 -0.075908
32 29 -0.107861
32 30 -0.132616
32 31 -0.148283
32 32 -0.153645
32 33 -0.148283
32 34 -0.132616
32 35 -0.107861
32 36 -0.075908
32 37 -0.039134
32 38 -0.000173
32 39 0.038328
32 40 0.073941
32 41 0.104655
32 42 0.129013
32 43 0.146181
32 44 0.155954
32 45 0.158690
32 46 0.155205
32 47 0.146633
32 48 0.134281
32 49 0.119482
32 50 0.103484
32 51 0.087360
32 52 0.071956
32 53 0.057874
32 54 0.045478
32 55 0.034924
32 56 0.026201
32 57 0.019195
32 58 0.013722
32 59 0.009513
32 60 0.006278
32 61 0.003788
32 62 0.001776
32 63 0.000000

33 0 0.000000
33 1 0.001175
33 2 0.002528
33 3 0.004248
33 4 0.006545
33 5 0.009625
33 6 0.013741
33 7 0.019154
33 8 0.026088
33 9 0.034735
33 10 0.045223
33 11 0.057557
33 12 0.071584
33 13 0.086940
33 14 0.103031
33 15 0.119020
33 16 0.133846
33 17 0.146273
33 18 0.154977
33 19 0.158663
33 20 0.156203
33 21 0.146784
33 22 0.130044
33 23 0.106181
33 24 0.076015
33 25 0.040981
33 26 0.003068
33 27 -0.035328
33 28 -0.071589
33 29 -0.103107
33 30 -0.127532
33 31 -0.142991
33 32 -0.148283
33 33 -0.142991
33 34 -0.127532
33 35 -0.103107
33 36 -0.071589
33 37 -0.035328
33 38 0.003068
33 39 0.040981
33 40 0.076015
33 41 0.106181
33 42 0.130044
33 43 0.146784
33 44 0.156203
33 45 0.158663
33 46 0.154977
33 47 0.146273
33 48 0.133846
33 49 0.119020
33 50 0.103031
33 51 0.086939
33 52 0.071583
33 53 0.057556
33 54 0.045216
33 55 0.034715
33 56 0.026039
33 57 0.019073
33 58 0.013632
33 59 0.009450
33 60 0.006235
33 61 0.003762
33 62 0.001764
33 63 0.000000

34 0 0.000000
34 1 0.001150
34 2 0.002475
34 3 0.004160
34 4 0.006412
34 5 0.009432
34 6 0.013472
34 7 0.018788
34 8 0.025604
34 9 0.034113
34 10 0.044444
34 11 0.056612
34 12 0.070474
34 13 0.085686
34 14 0.101676
34 15 0.117635
34 16 0.132534
34 17 0.145172
34 18 0.154259
34 19 0.158528
34 20 0.156872
34 21 0.148485
34 22 0.132999
34 23 0.110588
34 24 0.082027
34 25 0.048694
34 26 0.012501
34 27 -0.024236
34 28 -0.058986
34 29 -0.089226
34 30 -0.112679
34 31 -0.127532
34 32 -0.132616
34 33 -0.127532
34 34 -0.112679
34 35 -0.089226
34 36 -0.058986
34 37 -0.024236
34 38 0.012501
34 39 0.048694
34 40 0.082027
34 41 0.110588
34 42 0.132999
34 43 0.148485
34 44 0.156872
34 45 0.158528
34 46 0.154259
34 47 0.145172
34 48 0.132534
34 49 0.117635
34 50 0.101676
34 51 0.085686
34 52 0.070474
34 53 0.056611
34 54 0.044438
34 55 0.034093
34 56 0.025556
34 57 0.018709
34 58 0.013365
34 59 0.009261
34 60 0.006108
34 61 0.003684
34 62 0.001727
34 63 0.000000

35 0 0.000000
35 1 0.001110
35 2 0.002389
35 3 0.004017
35 4 0.006195
35 5 0.009119
35 6 0.013035
35 7 0.018193
35 8 0.024815
35 9 0.033097
35 10 0.043171
35 11 0.055064
35 12 0.068652
35 13 0.083619
35 14 0.099431
35 15 0.115324
35 16 0.130321
35 17 0.143276
35 18 0.152953
35 19 0.158132
35 20 0.157739
35 21 0.150983
35 22 0.137483
35 23 0.117377
35 24 0.091370
35 25 0.060745
35 26 0.027298
35 27 -0.006791
35 28 -0.039128
35 29 -0.067327
35 30 -0.089226
35 31 -0.103107
35 32 -0.107861
35 33 -0.103107
35 34 -0.089226
35 35 -0.067327
35 36 -0.039128
35 37 -0.006791
35 38 0.027298
35 39 0.060745
35 40 0.091370
35 41 0.117377
35 42 0.137483
35 43 0.150983
35 44 0.157739
35 45 0.158132
35 46 0.152953
35 47 0.143276
35 48 0.130321
35 49 0.115324
35 50 0.099431
35 51 0.083619
35 52 0.068652
35 53 0.055063
35 54 0.043165
35 55 0.033077
35 56 0.024770
35 57 0.018117
35 58 0.012932
35 59 0.008954
35 60 0.005903
35 61 0.003559
35 62 0.001668
35 63 0.000000

36 0 0.000000
36 1 0.001056
36 2 0.002274
36 3 0.003825
36 4 0.005903
36 5 0.008697
36 6 0.012444
36 7 0.017388
36 8 0.023748
36 9 0.031718
36 10 0.041440
36 11 0.052953
36 12 0.066158
36 13 0.080776
36 14 0.096322
36 15 0.112091
36 16 0.127177
36 17 0.140506
36 18 0.150915
36 19 0.157245
36 20 0.158469
36 21 0.153815
36 22 0.142891
36 23 0.125782
36 24 0.103107
36 25 0.076024
36 26 0.046172
36 27 0.015557
36 28 -0.013613
36 29 -0.039128
36 30 -0.058986
36 31 -0.071589
36 32 -0.075908
36 33 -0.071589
36 34 -0.058986
36 35 -0.039128
36 36 -0.013613
36 37 0.015557
36 38 0.046172
36 39 0.076024
36 40 0.103107
36 41 0.125782
36 42 0.142891
36 43 0.153815
36 44 0.158469
36 45 0.157245
36 46 0.150915
36 47 0.140506
36 48 0.127177
36 49 0.112091
36 50 0.096322
36 51 0.080776
36 52 0.066158
36 53 0.052952
36 54 0.041434
36 55 0.031700
36 56 0.023705
36 57 0.017316
36 58 0.012346
36 59 0.008540
36 60 0.005626
36 61 0.003389
36 62 0.001588
36 63 0.000000

37 0 0.000000
37 1 0.000990
37 2 0.002133
37 3 0.003591
37 4 0.005547
37 5 0.008181
37 6 0.011722
37 7 0.016402
37 8 0.022437
37 9 0.030021
37 10 0.039300
37 11 0.050334
37 12 0.063049
37 13 0.077210
37 14 0.092388
37 15 0.107953
37 16 0.123077
37 17 0.136778
37 18 0.147978
37 19 0.155595
37 20 0.158657
37 21 0.156419
37 22 0.148477
37 23 0.134857
37 24 0.116077
37 25 0.093146
37 26 0.067519
37 27 0.040993
37 28 0.015557
37 29 -0.006791
37 30 -0.024236
37 31 -0.035328
37 32 -0.039134
37 33 -0.035328
37 34 -0.024236
37 35 -0.006791
37 36 0.015557
37 37 0.040993
37 38 0.067519
37 39 0.093146
37 40 0.116077
37 41 0.134857
37 42 0.148477
37 43 0.156419
37 44 0.158657
37 45 0.155595
37 46 0.147978
37 47 0.136778
37 48 0.123077
37 49 0.107953
37 50 0.092388
37 51 0.077210
37 52 0.063049
37 53 0.050333
37 54 0.039295
37 55 0.030004
37 56 0.022397
37 57 0.016335
37 58 0.011630
37 59 0.008035
37 60 0.005287
37 61 0.003183
37 62 0.001491
37 63 0.000000

38 0 0.000000
38 1 0.000915
38 2 0.001972
38 3 0.003324
38 4 0.005139
38 5 0.007591
38 6 0.010892
38 7 0.015267
38 8 0.020923
38 9 0.028055
38 10 0.036814
38 11 0.047276
38 12 0.059398
38 13 0.072991
38 14 0.087691
38 15 0.102944
38 16 0.118016
38 17 0.132023
38 18 0.143985
38 19 0.152908
38 20 0.157885
38 21 0.158202
38 22 0.153445
38 23 0.143582
38 24 0.129016
38 25 0.110596
38 26 0.089575
38 27 0.067519
38 28 0.046172
38 29 0.027298
38 30 0.012501
38 31 0.003068
38 32 -0.000173
38 33 0.003068
38 34 0.012501
38 35 0.027298
38 36 0.046172
38 37 0.067519
38 38 0.089575
38 39 0.110596
38 40 0.129016
38 41 0.143582
38 42 0.153445
38 43 0.158202
38 44 0.157885
38 45 0.152908
38 46 0.143985
38 47 0.132023
38 48 0.118016
38 49 0.102944
38 50 0.087691
38 51 0.072991
38 52 0.059398
38 53 0.047274
38 54 0.036810
38 55 0.028040
38 56 0.020887
38 57 0.015206
38 58 0.010808
38 59 0.007455
38 60 0.004900
38 61 0.002947
38 62 0.001379
38 63 0.000000

39 0 0.000000
39 1 0.000833
39 2 0.001798
39 3 0.003032
39 4 0.004694
39 5 0.006945
39 6 0.009983
39 7 0.014019
39 8 0.019255
39 9 0.025880
39 10 0.034051
39 11 0.043859
39 12 0.055294
39 13 0.068211
39 14 0.082312
39 15 0.097127
39 16 0.112018
39 17 0.126206
39 18 0.138816
39 19 0.148950
39 20 0.155774
39 21 0.158610
39 22 0.157039
39 23 0.150969
39 24 0.140690
39 25 0.126885
39 26 0.110596
39 27 0.093146
39 28 0.076024
39 29 0.060745
39 30 0.048694
39 31 0.040981
39 32 0.038328
39 33 0.040981
39 34 0.048694
39 35 0.060745
39 36 0.076024
39 37 0.093146
39 38 0.110596
39 39 0.126885
39 40 0.140690
39 41 0.150969
39 42 0.157039
39 43 0.158610
39 44 0.155774
39 45 0.148950
39 46 0.138816
39 47 0.126206
39 48 0.112018
39 49 0.097127
39 50 0.082312
39 51 0.068211
39 52 0.055293
39 53 0.043859
39 54 0.034047
39 55 0.025866
39 56 0.019223
39 57 0.013964
39 58 0.009906
39 59 0.006822
39 60 0.004478
39 61 0.002690
39 62 0.001258
39 63 0.000000

40 0 0.000000
40 1 0.000748
40 2 0.001614
40 3 0.002726
40 4 0.004227
40 5 0.006264
40 6 0.009022
40 7 0.012698
40 8 0.017482
40 9 0.023559
40 10 0.031089
40 11 0.040176
40 12 0.050838
40 13 0.062977
40 14 0.076359
40 15 0.090595
40 16 0.105147
40 17 0.119342
40 18 0.132414
40 19 0.143565
40 20 0.152035
40 21 0.157195
40 22 0.158621
40 23 0.156168
40 24 0.150018
40 25 0.140690
40 26 0.129016
40 27 0.116077
40 28 0.103107
40 29 0.091370
40 30 0.082027
40 31 0.076015
40 32 0.073941
40 33 0.076015
40 34 0.082027
40 35 0.091370
40 36 0.103107
40 37 0.116077
40 38 0.129016
40 39 0.140690
40 40 0.150018
40 41 0.156168
40 42 0.158621
40 43 0.157195
40 44 0.152035
40 45 0.143565
40 46 0.132414
40 47 0.119342
40 48 0.105147
40 49 0.090595
40 50 0.076359
40 51 0.062977
40 52 0.050838
40 53 0.040175
40 54 0.031085
40 55 0.023547
40 56 0.017453
40 57 0.012649
40 58 0.008954
40 59 0.006154
40 60 0.004034
40 61 0.002420
40 62 0.001131
40 63 0.000000

41 0 0.000000
41 1 0.000661
41 2 0.001429
41 3 0.002416
41 4 0.003751
41 5 0.005570
41 6 0.008039
41 7 0.011341
41 8 0.015654
41 9 0.021156
41 10 0.028008
41 11 0.036322
41 12 0.046142
41 13 0.057413
41 14 0.069960
41 15 0.083475
41 16 0.097513
41 17 0.111507
41 18 0.124800
41 19 0.136693
41 20 0.146508
41 21 0.153662
41 22 0.157739
41 23 0.158547
41 24 0.156168
41 25 0.150969
41 26 0.143582
41 27 0.134857
41 28 0.125782
41 29 0.117377
41 30 0.110588
41 31 0.106181
41 32 0.104655
41 33 0.106181
41 34 0.110588
41 35 0.117377
41 36 0.125782
41 37 0.134857
41 38 0.143582
41 39 0.150969
41 40 0.156168
41 41 0.158547
41 42 0.157739
41 43 0.153662
41 44 0.146508
41 45 0.136693
41 46 0.124800
41 47 0.111507
41 48 0.097513
41 49 0.083475
41 50 0.069960
41 51 0.057413
41 52 0.046142
41 53 0.036321
41 54 0.028005
41 55 0.021146
41 56 0.015629
41 57 0.011298
41 58 0.007979
41 59 0.005473
41 60 0.003581
41 61 0.002146
41 62 0.001002
41 63 0.000000

42 0 0.000000
42 1 0.000576
42 2 0.001245
42 3 0.002109
42 4 0.003280
42 5 0.004880
42 6 0.007061
42 7 0.009986
42 8 0.013822
42 9 0.018737
42 10 0.024888
42 11 0.032396
42 12 0.041323
42 13 0.051652
42 14 0.063263
42 15 0.075920
42 16 0.089268
42 17 0.102839
42 18 0.116081
42 19 0.128391
42 20 0.139175
42 21 0.147900
42 22 0.154163
42 23 0.157739
42 24 0.158621
42 25 0.157039
42 26 0.153445
42 27 0.148477
42 28 0.142891
42 29 0.137483
42 30 0.132999
42 31 0.130044
42 32 0.129013
42 33 0.130044
42 34 0.132999
42 35 0.137483
42 36 0.142891
42 37 0.148477
42 38 0.153445
42 39 0.157039
42 40 0.158621
42 41 0.157739
42 42 0.154163
42 43 0.147900
42 44 0.139175
42 45 0.128391
42 46 0.116081
42 47 0.102839
42 48 0.089268
42 49 0.075920
42 50 0.063263
42 51 0.051652
42 52 0.041323
42 53 0.032395
42 54 0.024885
42 55 0.018728
42 56 0.013801
42 57 0.009949
42 58 0.007009
42 59 0.004797
42 60 0.003133
42 61 0.001875
42 62 0.000875
42 63 0.000000

43 0 0.000000
43 1 0.000494
43 2 0.001070
43 3 0.001814
43 4 0.002826
43 5 0.004214
43 6 0.006112
43 7 0.008666
43 8 0.012029
43 9 0.016359
43 10 0.021805
43 11 0.028492
43 12 0.036498
43 13 0.045834
43 14 0.056428
43 15 0.068108
43 16 0.080601
43 17 0.093531
43 18 0.106441
43 19 0.118825
43 20 0.130165
43 21 0.139985
43 22 0.147900
43 23 0.153662
43 24 0.157195
43 25 0.158610
43 26 0.158202
43 27 0.156419
43 28 0.153815
43 29 0.150983
43 30 0.148485
43 31 0.146784
43 32 0.146181
43 33 0.146784
43 34 0.148485
43 35 0.150983
43 36 0.153815
43 37 0.156419
43 38 0.158202
43 39 0.158610
43 40 0.157195
43 41 0.153662
43 42 0.147900
43 43 0.139985
43 44 0.130165
43 45 0.118825
43 46 0.106441
43 47 0.093531
43 48 0.080601
43 49 0.068108
43 50 0.056428
43 51 0.045834
43 52 0.036498
43 53 0.028492
43 54 0.021803
43 55 0.016352
43 56 0.012012
43 57 0.008635
43 58 0.006067
43 59 0.004142
43 60 0.002701
43 61 0.001613
43 62 0.000752
43 63 0.000000

44 0 0.000000
44 1 0.000418
44 2 0.000905
44 3 0.001536
44 4 0.002398
44 5 0.003584
44 6 0.005212
44 7 0.007410
44 8 0.010317
44 9 0.014077
44 10 0.018830
44 11 0.024701
44 12 0.031777
44 13 0.040093
44 14 0.049615
44 15 0.060228
44 16 0.071726
44 17 0.083818
44 18 0.096134
44 19 0.108254
44 20 0.119738
44 21 0.130165
44 22 0.139175
44 23 0.146508
44 24 0.152035
44 25 0.155774
44 26 0.157885
44 27 0.158657
44 28 0.158469
44 29 0.157739
44 30 0.156872
44 31 0.156203
44 32 0.155954
44 33 0.156203
44 34 0.156872
44 35 0.157739
44 36 0.158469
44 37 0.158657
44 38 0.157885
44 39 0.155774
44 40 0.152035
44 41 0.146508
44 42 0.139175
44 43 0.130165
44 44 0.119738
44 45 0.108254
44 46 0.096134
44 47 0.083818
44 48 0.071726
44 49 0.060228
44 50 0.049615
44 51 0.040093
44 52 0.031777
44 53 0.024701
44 54 0.018829
44 55 0.014071
44 56 0.010303
44 57 0.007385
44 58 0.005174
44 59 0.003524
44 60 0.002293
44 61 0.001368
44 62 0.000637
44 63 0.000000

45 0 0.000000
45 1 0.000347
45 2 0.000753
45 3 0.001281
45 4 0.002004
45 5 0.003003
45 6 0.004377
45 7 0.006242
45 8 0.008717
45 9 0.011934
45 10 0.016022
45 11 0.021100
45 12 0.027260
45 13 0.034555
45 14 0.042981
45 15 0.052467
45 16 0.062866
45 17 0.073959
45 18 0.085453
45 19 0.097008
45 20 0.108254
45 21 0.118825
45 22 0.128391
45 23 0.136693
45 24 0.143565
45 25 0.148950
45 26 0.152908
45 27 0.155595
45 28 0.157245
45 29 0.158132
45 30 0.158528
45 31 0.158663
45 32 0.158690
45 33 0.158663
45 34 0.158528
45 35 0.158132
45 36 0.157245
45 37 0.155595
45 38 0.152908
45 39 0.148950
45 40 0.143565
45 41 0.136693
45 42 0.128391
45 43 0.118825
45 44 0.108254
45 45 0.097008
45 46 0.085453
45 47 0.073959
45 48 0.062866
45 49 0.052467
45 50 0.042981
45 51 0.034555
45 52 0.027260
45 53 0.021099
45 54 0.016020
45 55 0.011929
45 56 0.008706
45 57 0.006221
45 58 0.004347
45 59 0.002953
45 60 0.001917
45 61 0.001142
45 62 0.000531
45 63 0.000000

46 0 0.000000
46 1 0.000284
46 2 0.000618
46 3 0.001052
46 4 0.001649
46 5 0.002477
46 6 0.003621
46 7 0.005178
46 8 0.007254
46 9 0.009964
46 10 0.013426
46 11 0.017752
46 12 0.023033
46 13 0.029331
46 14 0.036666
46 15 0.045001
46 16 0.054239
46 17 0.064217
46 18 0.074713
46 19 0.085453
46 20 0.096134
46 21 0.106441
46 22 0.116081
46 23 0.124800
46 24 0.132414
46 25 0.138816
46 26 0.143985
46 27 0.147978
46 28 0.150915
46 29 0.152953
46 30 0.154259
46 31 0.154977
46 32 0.155205
46 33 0.154977
46 34 0.154259
46 35 0.152953
46 36 0.150915
46 37 0.147978
46 38 0.143985
46 39 0.138816
46 40 0.132414
46 41 0.124800
46 42 0.116081
46 43 0.106441
46 44 0.096134
46 45 0.085453
46 46 0.074713
46 47 0.064217
46 48 0.054239
46 49 0.045001
46 50 0.036666
46 51 0.029331
46 52 0.023033
46 53 0.017752
46 54 0.013425
46 55 0.009960
46 56 0.007245
46 57 0.005161
46 58 0.003596
46 59 0.002436
46 60 0.001579
46 61 0.000938
46 62 0.000436
46 63 0.000000

47 0 0.000000
47 1 0.000229
47 2 0.000498
47 3 0.000851
47 4 0.001336
47 5 0.002012
47 6 0.002949
47 7 0.004229
47 8 0.005943
47 9 0.008192
47 10 0.011078
47 11 0.014705
47 12 0.019160
47 13 0.024510
47 14 0.030788
47 15 0.037985
47 16 0.046040
47 17 0.054840
47 18 0.064217
47 19 0.073959
47 20 0.083818
47 21 0.093531
47 22 0.102839
47 23 0.111507
47 24 0.119342
47 25 0.126206
47 26 0.132023
47 27 0.136778
47 28 0.140506
47 29 0.143276
47 30 0.145172
47 31 0.146273
47 32 0.146633
47 33 0.146273
47 34 0.145172
47 35 0.143276
47 36 0.140506
47 37 0.136778
47 38 0.132023
47 39 0.126206
47 40 0.119342
47 41 0.111507
47 42 0.102839
47 43 0.093531
47 44 0.083818
47 45 0.073959
47 46 0.064217
47 47 0.054840
47 48 0.046040
47 49 0.037985
47 50 0.030788
47 51 0.024510
47 52 0.019160
47 53 0.014705
47 54 0.011078
47 55 0.008189
47 56 0.005936
47 57 0.004216
47 58 0.002929
47 59 0.001979
47 60 0.001280
47 61 0.000759
47 62 0.000352
47 63 0.000000

48 0 0.000000
48 1 0.000182
48 2 0.000396
48 3 0.000677
48 4 0.001065
48 5 0.001608
48 6 0.002363
48 7 0.003400
48 8 0.004793
48 9 0.006629
48 10 0.008997
48 11 0.011989
48 12 0.015686
48 13 0.020155
48 14 0.025436
48 15 0.031540
48 16 0.038433
48 17 0.046040
48 18 0.054239
48 19 0.062866
48 20 0.071726
48 21 0.080601
48 22 0.089268
48 23 0.097513
48 24 0.105147
48 25 0.112018
48 26 0.118016
48 27 0.123077
48 28 0.127177
48 29 0.130321
48 30 0.132534
48 31 0.133846
48 32 0.134281
48 33 0.133846
48 34 0.132534
48 35 0.130321
48 36 0.127177
48 37 0.123077
48 38 0.118016
48 39 0.112018
48 40 0.105147
48 41 0.097513
48 42 0.089268
48 43 0.080601
48 44 0.071726
48 45 0.062866
48 46 0.054239
48 47 0.046040
48 48 0.038433
48 49 0.031540
48 50 0.025436
48 51 0.020155
48 52 0.015686
48 53 0.011989
48 54 0.008997
48 55 0.006627
48 56 0.004788
48 57 0.003389
48 58 0.002348
48 59 0.001582
48 60 0.001021
48 61 0.000605
48 62 0.000280
48 63 0.000000

49 0 0.000000
49 1 0.000142
49 2 0.000309
49 3 0.000530
49 4 0.000836
49 5 0.001265
49 6 0.001864
49 7 0.002690
49 8 0.003804
49 9 0.005278
49 10 0.007190
49 11 0.009618
49 12 0.012634
49 13 0.016303
49 14 0.020669
49 15 0.025752
49 16 0.031540
49 17 0.037985
49 18 0.045001
49 19 0.052467
49 20 0.060228
49 21 0.068108
49 22 0.075920
49 23 0.083475
49 24 0.090595
49 25 0.097127
49 26 0.102944
49 27 0.107953
49 28 0.112091
49 29 0.115324
49 30 0.117635
49 31 0.119020
49 32 0.119482
49 33 0.119020
49 34 0.117635
49 35 0.115324
49 36 0.112091
49 37 0.107953
49 38 0.102944
49 39 0.097127
49 40 0.090595
49 41 0.083475
49 42 0.075920
49 43 0.068108
49 44 0.060228
49 45 0.052467
49 46 0.045001
49 47 0.037985
49 48 0.031540
49 49 0.025752
49 50 0.020669
49 51 0.016303
49 52 0.012634
49 53 0.009618
49 54 0.007190
49 55 0.005277
49 56 0.003800
49 57 0.002682
49 58 0.001852
49 59 0.001245
49 60 0.000801
49 61 0.000474
49 62 0.000219
49 63 0.000000

50 0 0.000000
50 1 0.000109
50 2 0.000238
50 3 0.000408
50 4 0.000645
50 5 0.000979
50 6 0.001447
50 7 0.002093
50 8 0.002970
50 9 0.004135
50 10 0.005653
50 11 0.007589
50 12 0.010009
50 13 0.012969
50 14 0.016514
50 15 0.020669
50 16 0.025436
50 17 0.030788
50 18 0.036666
50 19 0.042981
50 20 0.049615
50 21 0.056428
50 22 0.063263
50 23 0.069960
50 24 0.076359
50 25 0.082312
50 26 0.087691
50 27 0.092388
50 28 0.096322
50 29 0.099431
50 30 0.101676
50 31 0.103031
50 32 0.103484
50 33 0.103031
50 34 0.101676
50 35 0.099431
50 36 0.096322
50 37 0.092388
50 38 0.087691
50 39 0.082312
50 40 0.076359
50 41 0.069960
50 42 0.063263
50 43 0.056428
50 44 0.049615
50 45 0.042981
50 46 0.036666
50 47 0.030788
50 48 0.025436
50 49 0.020669
50 50 0.016514
50 51 0.012969
50 52 0.010009
50 53 0.007589
50 54 0.005653
50 55 0.004134
50 56 0.002967
50 57 0.002088
50 58 0.001438
50 59 0.000964
50 60 0.000619
50 61 0.000365
50 62 0.000169
50 63 0.000000

51 0 0.000000
51 1 0.000082
51 2 0.000180
51 3 0.000309
51 4 0.000490
51 5 0.000745
51 6 0.001104
51 7 0.001603
51 8 0.002281
51 9 0.003186
51 10 0.004371
51 11 0.005889
51 12 0.007797
51 13 0.010143
51 14 0.012969
51 15 0.016303
51 16 0.020155
51 17 0.024510
51 18 0.029331
51 19 0.034555
51 20 0.040093
51 21 0.045834
51 22 0.051652
51 23 0.057413
51 24 0.062977
51 25 0.068211
51 26 0.072991
51 27 0.077210
51 28 0.080776
51 29 0.083619
51 30 0.085686
51 31 0.086939
51 32 0.087360
51 33 0.086939
51 34 0.085686
51 35 0.083619
51 36 0.080776
51 37 0.077210
51 38 0.072991
51 39 0.068211
51 40 0.062977
51 41 0.057413
51 42 0.051652
51 43 0.045834
51 44 0.040093
51 45 0.034555
51 46 0.029331
51 47 0.024510
51 48 0.020155
51 49 0.016303
51 50 0.012969
51 51 0.010143
51 52 0.007797
51 53 0.005889
51 54 0.004371
51 55 0.003185
51 56 0.002279
51 57 0.001598
51 58 0.001098
51 59 0.000734
51 60 0.000470
51 61 0.000277
51 62 0.000128
51 63 0.000000

52 0 0.000000
52 1 0.000061
52 2 0.000134
52 3 0.000230
52 4 0.000366
52 5 0.000558
52 6 0.000829
52 7 0.001207
52 8 0.001723
52 9 0.002414
52 10 0.003323
52 11 0.004493
52 12 0.005970
52 13 0.007797
52 14 0.010009
52 15 0.012634
52 16 0.015686
52 17 0.019160
52 18 0.023033
52 19 0.027260
52 20 0.031777
52 21 0.036498
52 22 0.041323
52 23 0.046142
52 24 0.050838
52 25 0.055293
52 26 0.059398
52 27 0.063049
52 28 0.066158
52 29 0.068652
52 30 0.070474
52 31 0.071583
52 32 0.071956
52 33 0.071583
52 34 0.070474
52 35 0.068652
52 36 0.066158
52 37 0.063049
52 38 0.059398
52 39 0.055293
52 40 0.050838
52 41 0.046142
52 42 0.041323
52 43 0.036498
52 44 0.031777
52 45 0.027260
52 46 0.023033
52 47 0.019160
52 48 0.015686
52 49 0.012634
52 50 0.010009
52 51 0.007797
52 52 0.005970
52 53 0.004493
52 54 0.003323
52 55 0.002414
52 56 0.001721
52 57 0.001204
52 58 0.000824
52 59 0.000550
52 60 0.000351
52 61 0.000207
52 62 0.000095
52 63 0.000000

53 0 0.000000
53 1 0.000045
53 2 0.000098
53 3 0.000169
53 4 0.000269
53 5 0.000411
53 6 0.000612
53 7 0.000893
53 8 0.001279
53 9 0.001798
53 10 0.002484
53 11 0.003370
53 12 0.004493
53 13 0.005889
53 14 0.007589
53 15 0.009618
53 16 0.011989
53 17 0.014705
53 18 0.017752
53 19 0.021099
53 20 0.024701
53 21 0.028492
53 22 0.032395
53 23 0.036321
53 24 0.040175
53 25 0.043859
53 26 0.047274
53 27 0.050333
53 28 0.052952
53 29 0.055063
53 30 0.056611
53 31 0.057556
53 32 0.057874
53 33 0.057556
53 34 0.056611
53 35 0.055063
53 36 0.052952
53 37 0.050333
53 38 0.047274
53 39 0.043859
53 40 0.040175
53 41 0.036321
53 42 0.032395
53 43 0.028492
53 44 0.024701
53 45 0.021099
53 46 0.017752
53 47 0.014705
53 48 0.011989
53 49 0.009618
53 50 0.007589
53 51 0.005889
53 52 0.004493
53 53 0.003370
53 54 0.002483
53 55 0.001798
53 56 0.001278
53 57 0.000891
53 58 0.000609
53 59 0.000405
53 60 0.000258
53 61 0.000152
53 62 0.000070
53 63 0.000000

54 0 0.000000
54 1 0.000032
54 2 0.000070
54 3 0.000122
54 4 0.000194
54 5 0.000297
54 6 0.000444
54 7 0.000650
54 8 0.000934
54 9 0.001317
54 10 0.001824
54 11 0.002483
54 12 0.003323
54 13 0.004371
54 14 0.005653
54 15 0.007190
54 16 0.008997
54 17 0.011078
54 18 0.013425
54 19 0.016020
54 20 0.018829
54 21 0.021803
54 22 0.024885
54 23 0.028005
54 24 0.031085
54 25 0.034047
54 26 0.036810
54 27 0.039295
54 28 0.041434
54 29 0.043165
54 30 0.044438
54 31 0.045216
54 32 0.045478
54 33 0.045216
54 34 0.044438
54 35 0.043165
54 36 0.041434
54 37 0.039295
54 38 0.036810
54 39 0.034047
54 40 0.031085
54 41 0.028005
54 42 0.024885
54 43 0.021803
54 44 0.018829
54 45 0.016020
54 46 0.013425
54 47 0.011078
54 48 0.008997
54 49 0.007190
54 50 0.005653
54 51 0.004371
54 52 0.003323
54 53 0.002483
54 54 0.001824
54 55 0.001317
54 56 0.000933
54 57 0.000649
54 58 0.000442
54 59 0.000293
54 60 0.000187
54 61 0.000109
54 62 0.000050
54 63 0.000000

55 0 0.000000
55 1 0.000023
55 2 0.000050
55 3 0.000086
55 4 0.000138
55 5 0.000212
55 6 0.000317
55 7 0.000465
55 8 0.000670
55 9 0.000947
55 10 0.001317
55 11 0.001798
55 12 0.002414
55 13 0.003185
55 14 0.004134
55 15 0.005277
55 16 0.006627
55 17 0.008189
55 18 0.009960
55 19 0.011929
55 20 0.014071
55 21 0.016352
55 22 0.018728
55 23 0.021146
55 24 0.023547
55 25 0.025866
55 26 0.028040
55 27 0.030004
55 28 0.031700
55 29 0.033077
55 30 0.034093
55 31 0.034715
55 32 0.034924
55 33 0.034715
55 34 0.034093
55 35 0.033077
55 36 0.031700
55 37 0.030004
55 38 0.028040
55 39 0.025866
55 40 0.023547
55 41 0.021146
55 42 0.018728
55 43 0.016352
55 44 0.014071
55 45 0.011929
55 46 0.009960
55 47 0.008189
55 48 0.006627
55 49 0.005277
55 50 0.004134
55 51 0.003185
55 52 0.002414
55 53 0.001798
55 54 0.001317
55 55 0.000947
55 56 0.000669
55 57 0.000464
55 58 0.000315
55 59 0.000209
55 60 0.000132
55 61 0.000077
55 62 0.000036
55 63 0.000000

56 0 0.000000
56 1 0.000016
56 2 0.000035
56 3 0.000060
56 4 0.000096
56 5 0.000148
56 6 0.000222
56 7 0.000327
56 8 0.000472
56 9 0.000670
56 10 0.000933
56 11 0.001278
56 12 0.001721
56 13 0.002279
56 14 0.002967
56 15 0.003800
56 16 0.004788
56 17 0.005936
56 18 0.007245
56 19 0.008706
56 20 0.010303
56 21 0.012012
56 22 0.013801
56 23 0.015629
56 24 0.017453
56 25 0.019223
56 26 0.020887
56 27 0.022397
56 28 0.023705
56 29 0.024770
56 30 0.025556
56 31 0.026039
56 32 0.026201
56 33 0.026039
56 34 0.025556
56 35 0.024770
56 36 0.023705
56 37 0.022397
56 38 0.020887
56 39 0.019223
56 40 0.017453
56 41 0.015629
56 42 0.013801
56 43 0.012012
56 44 0.010303
56 45 0.008706
56 46 0.007245
56 47 0.005936
56 48 0.004788
56 49 0.003800
56 50 0.002967
56 51 0.002279
56 52 0.001721
56 53 0.001278
56 54 0.000933
56 55 0.000669
56 56 0.000472
56 57 0.000326
56 58 0.000221
56 59 0.000146
56 60 0.000092
56 61 0.000054
56 62 0.000025
56 63 0.000000

57 0 0.000000
57 1 0.000011
57 2 0.000024
57 3 0.000041
57 4 0.000066
57 5 0.000101
57 6 0.000153
57 7 0.000225
57 8 0.000326
57 9 0.000464
57 10 0.000649
57 11 0.000891
57 12 0.001204
57 13 0.001598
57 14 0.002088
57 15 0.002682
57 16 0.003389
57 17 0.004216
57 18 0.005161
57 19 0.006221
57 20 0.007385
57 21 0.008635
57 22 0.009949
57 23 0.011298
57 24 0.012649
57 25 0.013964
57 26 0.015206
57 27 0.016335
57 28 0.017316
57 29 0.018117
57 30 0.018709
57 31 0.019073
57 32 0.019195
57 33 0.019073
57 34 0.018709
57 35 0.018117
57 36 0.017316
57 37 0.016335
57 38 0.015206
57 39 0.013964
57 40 0.012649
57 41 0.011298
57 42 0.009949
57 43 0.008635
57 44 0.007385
57 45 0.006221
57 46 0.005161
57 47 0.004216
57 48 0.003389
57 49 0.002682
57 50 0.002088
57 51 0.001598
57 52 0.001204
57 53 0.000891
57 54 0.000649
57 55 0.000464
57 56 0.000326
57 57 0.000225
57 58 0.000152
57 59 0.000100
57 60 0.000063
57 61 0.000037
57 62 0.000017
57 63 0.000000

58 0 0.000000
58 1 0.000007
58 2 0.000016
58 3 0.000027
58 4 0.000044
58 5 0.000068
58 6 0.000103
58 7 0.000152
58 8 0.000221
58 9 0.000315
58 10 0.000442
58 11 0.000609
58 12 0.000824
58 13 0.001098
58 14 0.001438
58 15 0.001852
58 16 0.002348
58 17 0.002929
58 18 0.003596
58 19 0.004347
58 20 0.005174
58 21 0.006067
58 22 0.007009
58 23 0.007979
58 24 0.008954
58 25 0.009906
58 26 0.010808
58 27 0.011630
58 28 0.012346
58 29 0.012932
58 30 0.013365
58 31 0.013632
58 32 0.013722
58 33 0.013632
58 34 0.013365
58 35 0.012932
58 36 0.012346
58 37 0.011630
58 38 0.010808
58 39 0.009906
58 40 0.008954
58 41 0.007979
58 42 0.007009
58 43 0.006067
58 44 0.005174
58 45 0.004347
58 46 0.003596
58 47 0.002929
58 48 0.002348
58 49 0.001852
58 50 0.001438
58 51 0.001098
58 52 0.000824
58 53 0.000609
58 54 0.000442
58 55 0.000315
58 56 0.000221
58 57 0.000152
58 58 0.000102
58 59 0.000067
58 60 0.000042
58 61 0.000025
58 62 0.000011
58 63 0.000000

59 0 0.000000
59 1 0.000005
59 2 0.000010
59 3 0.000018
59 4 0.000029
59 5 0.000045
59 6 0.000068
59 7 0.000100
59 8 0.000146
59 9 0.000209
59 10 0.000293
59 11 0.000405
59 12 0.000550
59 13 0.000734
59 14 0.000964
59 15 0.001245
59 16 0.001582
59 17 0.001979
59 18 0.002436
59 19 0.002953
59 20 0.003524
59 21 0.004142
59 22 0.004797
59 23 0.005473
59 24 0.006154
59 25 0.006822
59 26 0.007455
59 27 0.008035
59 28 0.008540
59 29 0.008954
59 30 0.009261
59 31 0.009450
59 32 0.009513
59 33 0.009450
59 34 0.009261
59 35 0.008954
59 36 0.008540
59 37 0.008035
59 38 0.007455
59 39 0.006822
59 40 0.006154
59 41 0.005473
59 42 0.004797
59 43 0.004142
59 44 0.003524
59 45 0.002953
59 46 0.002436
59 47 0.001979
59 48 0.001582
59 49 0.001245
59 50 0.000964
59 51 0.000734
59 52 0.000550
59 53 0.000405
59 54 0.000293
59 55 0.000209
59 56 0.000146
59 57 0.000100
59 58 0.000067
59 59 0.000044
59 60 0.000028
59 61 0.000016
59 62 0.000007
59 63 0.000000

60 0 0.000000
60 1 0.000003
60 2 0.000006
60 3 0.000011
60 4 0.000018
60 5 0.000028
60 6 0.000043
60 7 0.000063
60 8 0.000092
60 9 0.000132
60 10 0.000187
60 11 0.000258
60 12 0.000351
60 13 0.000470
60 14 0.000619
60 15 0.000801
60 16 0.001021
60 17 0.001280
60 18 0.001579
60 19 0.001917
60 20 0.002293
60 21 0.002701
60 22 0.003133
60 23 0.003581
60 24 0.004034
60 25 0.004478
60 26 0.004900
60 27 0.005287
60 28 0.005626
60 29 0.005903
60 30 0.006108
60 31 0.006235
60 32 0.006278
60 33 0.006235
60 34 0.006108
60 35 0.005903
60 36 0.005626
60 37 0.005287
60 38 0.004900
60 39 0.004478
60 40 0.004034
60 41 0.003581
60 42 0.003133
60 43 0.002701
60 44 0.002293
60 45 0.001917
60 46 0.001579
60 47 0.001280
60 48 0.001021
60 49 0.000801
60 50 0.000619
60 51 0.000470
60 52 0.000351
60 53 0.000258
60 54 0.000187
60 55 0.000132
60 56 0.000092
60 57 0.000063
60 58 0.000042
60 59 0.000028
60 60 0.000017
60 61 0.000010
60 62 0.000005
60 63 0.000000

61 0 0.000000
61 1 0.000002
61 2 0.000004
61 3 0.000007
61 4 0.000011
61 5 0.000016
61 6 0.000025
61 7 0.000037
61 8 0.000054
61 9 0.000077
61 10 0.000109
61 11 0.000152
61 12 0.000207
61 13 0.000277
61 14 0.000365
61 15 0.000474
61 16 0.000605
61 17 0.000759
61 18 0.000938
61 19 0.001142
61 20 0.001368
61 21 0.001613
61 22 0.001875
61 23 0.002146
61 24 0.002420
61 25 0.002690
61 26 0.002947
61 27 0.003183
61 28 0.003389
61 29 0.003559
61 30 0.003684
61 31 0.003762
61 32 0.003788
61 33 0.003762
61 34 0.003684
61 35 0.003559
61 36 0.003389
61 37 0.003183
61 38 0.002947
61 39 0.002690
61 40 0.002420
61 41 0.002146
61 42 0.001875
61 43 0.001613
61 44 0.001368
61 45 0.001142
61 46 0.000938
61 47 0.000759
61 48 0.000605
61 49 0.000474
61 50 0.000365
61 51 0.000277
61 52 0.000207
61 53 0.000152
61 54 0.000109
61 55 0.000077
61 56 0.000054
61 57 0.000037
61 58 0.000025
61 59 0.000016
61 60 0.000010
61 61 0.000006
61 62 0.000003
61 63 0.000000

62 0 0.000000
62 1 0.000001
62 2 0.000002
62 3 0.000003
62 4 0.000005
62 5 0.000007
62 6 0.000011
62 7 0.000017
62 8 0.000025
62 9 0.000036
62 10 0.000050
62 11 0.000070
62 12 0.000095
62 13 0.000128
62 14 0.000169
62 15 0.000219
62 16 0.000280
62 17 0.000352
62 18 0.000436
62 19 0.000531
62 20 0.000637
62 21 0.000752
62 22 0.000875
62 23 0.001002
62 24 0.001131
62 25 0.001258
62 26 0.001379
62 27 0.001491
62 28 0.001588
62 29 0.001668
62 30 0.001727
62 31 0.001764
62 32 0.001776
62 33 0.001764
62 34 0.001727
62 35 0.001668
62 36 0.001588
62 37 0.001491
62 38 0.001379
62 39 0.001258
62 40 0.001131
62 41 0.001002
62 42 0.000875
62 43 0.000752
62 44 0.000637
62 45 0.000531
62 46 0.000436
62 47 0.000352
62 48 0.000280
62 49 0.000219
62 50 0.000169
62 51 0.000128
62 52 0.000095
62 53 0.000070
62 54 0.000050
62 55 0.000036
62 56 0.000025
62 57 0.000017
62 58 0.000011
62 59 0.000007
62 60 0.000005
62 61 0.000003
62 62 0.000001
62 63 0.000000

63 0 0.000000
63 1 0.000000
63 2 0.000000
63 3 0.000000
63 4 0.000000
63 5 0.000000
63 6 0.000000
63 7 0.000000
63 8 0.000000
63 9 0.000000
63 10 0.000000
63 11 0.000000
63 12 0.000000
63 13 0.000000
63 14 0.000000
63 15 0.000000
63 16 0.000000
63 17 0.000000
63 18 0.000000
63 19 0.000000
63 20 0.000000
63 21 0.000000
63 22 0.000000
63 23 0.000000
63 24 0.000000
63 25 0.000000
63 26 0.000000
63 27 0.000000
63 28 0.000000
63 29 0.000000
63 30 0.000000
63 31 0.000000
63 32 0.000000
63 33 0.000000
63 34 0.000000
63 35 0.000000
63 36 0.000000
63 37 0.000000
63 38 0.000000
63 39 0.000000
63 40 0.000000
63 41 0.000000
63 42 0.000000
63 43 0.000000
63 44 0.000000
63 45 0.000000
63 46 0.000000
63 47 0.000000
63 48 0.000000
63 49 0.000000
63 50 0.000000
63 51 0.000000
63 52 0.000000
63 53 0.000000
63 54 0.000000
63 55 0.000000
63 56 0.000000
63 57 0.000000
63 58 0.000000
63 59 0.000000
63 60 0.000000
63 61 0.000000
63 62 0.000000
63 63 0.000000

