0 0 0.000000
0 1 0.000000
0 2 0.000000
0 3 0.000000
0 4 0.000000
0 5 0.000000
0 6 0.000000
0 7 0.000000
0 8 0.000000
0 9 0.000000
0 10 0.000000
0 11 0.000000
0 12 0.000000
0 13 0.000000
0 14 0.000000
0 15 0.000000
0 16 0.000000
0 17 0.000000
0 18 0.000000
0 19 0.000000
0 20 0.000000
0 21 0.000000
0 22 0.000000
0 23 0.000000
0 24 0.000000
0 25 0.000000
0 26 0.000000
0 27 0.000000
0 28 0.000000
0 29 0.000000
0 30 0.000000
0 31 0.000000
0 32 0.000000
0 33 0.000000
0 34 0.000000
0 35 0.000000
0 36 0.000000
0 37 0.000000
0 38 0.000000
0 39 0.000000
0 40 0.000000
0 41 0.000000
0 42 0.000000
0 43 0.000000
0 44 0.000000
0 45 0.000000
0 46 0.000000
0 47 0.000000
0 48 0.000000
0 49 0.000000
0 50 0.000000
0 51 0.000000
0 52 0.000000
0 53 0.000000
0 54 0.000000
0 55 0.000000
0 56 0.000000
0 57 0.000000
0 58 0.000000
0 59 0.000000
0 60 0.000000
0 61 0.000000
0 62 0.000000
0 63 0.000000

1 0 0.000000
1 1 0.000000
1 2 0.000000
1 3 0.000000
1 4 0.000000
1 5 0.000000
1 6 0.000000
1 7 0.000000
1 8 0.000000
1 9 0.000001
1 10 0.000001
1 11 0.000001
1 12 0.000002
1 13 0.000003
1 14 0.000004
1 15 0.000005
1 16 0.000007
1 17 0.000009
1 18 0.000012
1 19 0.000016
1 20 0.000020
1 21 0.000024
1 22 0.000029
1 23 0.000035
1 24 0.000041
1 25 0.000047
1 26 0.000053
1 27 0.000059
1 28 0.000064
1 29 0.000069
1 30 0.000072
1 31 0.000074
1 32 0.000075
1 33 0.000074
1 34 0.000072
1 35 0.000069
1 36 0.000064
1 37 0.000059
1 38 0.000053
1 39 0.000047
1 40 0.000041
1 41 0.000035
1 42 0.000029
1 43 0.000024
1 44 0.000020
1 45 0.000016
1 46 0.000012
1 47 0.000009
1 48 0.000007
1 49 0.000005
1 50 0.000004
1 51 0.000003
1 52 0.000002
1 53 0.000001
1 54 0.000001
1 55 0.000001
1 56 0.000000
1 57 0.000000
1 58 0.000000
1 59 0.000000
1 60 0.000000
1 61 0.000000
1 62 0.000000
1 63 0.000000

2 0 0.000000
2 1 0.000000
2 2 0.000000
2 3 0.000000
2 4 0.000000
2 5 0.000000
2 6 0.000000
2 7 0.000001
2 8 0.000001
2 9 0.000001
2 10 0.000002
2 11 0.000003
2 12 0.000005
2 13 0.000007
2 14 0.000009
2 15 0.000013
2 16 0.000018
2 17 0.000024
2 18 0.000031
2 19 0.000040
2 20 0.000050
2 21 0.000063
2 22 0.000076
2 23 0.000091
2 24 0.000107
2 25 0.000123
2 26 0.000139
2 27 0.000155
2 28 0.000168
2 29 0.000180
2 30 0.000188
2 31 0.000194
2 32 0.000195
2 33 0.000194
2 34 0.000188
2 35 0.000180
2 36 0.000168
2 37 0.000155
2 38 0.000139
2 39 0.000123
2 40 0.000107
2 41 0.000091
2 42 0.000076
2 43 0.000063
2 44 0.000050
2 45 0.000040
2 46 0.000031
2 47 0.000024
2 48 0.000018
2 49 0.000013
2 50 0.000009
2 51 0.000007
2 52 0.000005
2 53 0.000003
2 54 0.000002
2 55 0.000001
2 56 0.000001
2 57 0.000001
2 58 0.000000
2 59 0.000000
2 60 0.000000
2 61 0.000000
2 62 0.000000
2 63 0.000000

3 0 0.000000
3 1 0.000000
3 2 0.000000
3 3 0.000000
3 4 0.000000
3 5 0.000000
3 6 0.000001
3 7 0.000001
3 8 0.000002
3 9 0.000002
3 10 0.000004
3 11 0.000006
3 12 0.000008
3 13 0.000012
3 14 0.000017
3 15 0.000024
3 16 0.000032
3 17 0.000043
3 18 0.000057
3 19 0.000074
3 20 0.000093
3 21 0.000116
3 22 0.000141
3 23 0.000169
3 24 0.000198
3 25 0.000228
3 26 0.000258
3 27 0.000286
3 28 0.000311
3 29 0.000332
3 30 0.000348
3 31 0.000358
3 32 0.000362
3 33 0.000358
3 34 0.000348
3 35 0.000332
3 36 0.000311
3 37 0.000286
3 38 0.000258
3 39 0.000228
3 40 0.000198
3 41 0.000169
3 42 0.000141
3 43 0.000116
3 44 0.000093
3 45 0.000074
3 46 0.000057
3 47 0.000043
3 48 0.000032
3 49 0.000024
3 50 0.000017
3 51 0.000012
3 52 0.000008
3 53 0.000006
3 54 0.000004
3 55 0.000002
3 56 0.000002
3 57 0.000001
3 58 0.000001
3 59 0.000000
3 60 0.000000
3 61 0.000000
3 62 0.000000
3 63 0.000000

4 0 0.000000
4 1 0.000000
4 2 0.000000
4 3 0.000000
4 4 0.000000
4 5 0.000001
4 6 0.000001
4 7 0.000002
4 8 0.000003
4 9 0.000004
4 10 0.000006
4 11 0.000010
4 12 0.000014
4 13 0.000021
4 14 0.000029
4 15 0.000041
4 16 0.000056
4 17 0.000075
4 18 0.000098
4 19 0.000127
4 20 0.000160
4 21 0.000199
4 22 0.000242
4 23 0.000290
4 24 0.000340
4 25 0.000391
4 26 0.000442
4 27 0.000490
4 28 0.000533
4 29 0.000570
4 30 0.000597
4 31 0.000614
4 32 0.000620
4 33 0.000614
4 34 0.000597
4 35 0.000570
4 36 0.000533
4 37 0.000490
4 38 0.000442
4 39 0.000391
4 40 0.000340
4 41 0.000290
4 42 0.000242
4 43 0.000199
4 44 0.000160
4 45 0.000127
4 46 0.000098
4 47 0.000075
4 48 0.000056
4 49 0.000041
4 50 0.000029
4 51 0.000021
4 52 0.000014
4 53 0.000010
4 54 0.000006
4 55 0.000004
4 56 0.000003
4 57 0.000002
4 58 0.000001
4 59 0.000001
4 60 0.000000
4 61 0.000000
4 62 0.000000
4 63 0.000000

5 0 0.000000
5 1 0.000000
5 2 0.000000
5 3 0.000000
5 4 0.000001
5 5 0.000001
5 6 0.000002
5 7 0.000003
5 8 0.000005
5 9 0.000007
5 10 0.000011
5 11 0.000016
5 12 0.000024
5 13 0.000035
5 14 0.000049
5 15 0.000069
5 16 0.000094
5 17 0.000125
5 18 0.000165
5 19 0.000212
5 20 0.000268
5 21 0.000333
5 22 0.000406
5 23 0.000485
5 24 0.000569
5 25 0.000655
5 26 0.000740
5 27 0.000820
5 28 0.000893
5 29 0.000953
5 30 0.000999
5 31 0.001027
5 32 0.001037
5 33 0.001027
5 34 0.000999
5 35 0.000953
5 36 0.000893
5 37 0.000820
5 38 0.000740
5 39 0.000655
5 40 0.000569
5 41 0.000485
5 42 0.000406
5 43 0.000333
5 44 0.000268
5 45 0.000212
5 46 0.000165
5 47 0.000125
5 48 0.000094
5 49 0.000069
5 50 0.000049
5 51 0.000035
5 52 0.000024
5 53 0.000016
5 54 0.000011
5 55 0.000007
5 56 0.000005
5 57 0.000003
5 58 0.000002
5 59 0.000001
5 60 0.000001
5 61 0.000000
5 62 0.000000
5 63 0.000000

6 0 0.000000
6 1 0.000000
6 2 0.000000
6 3 0.000001
6 4 0.000001
6 5 0.000002
6 6 0.000003
6 7 0.000005
6 8 0.000008
6 9 0.000012
6 10 0.000018
6 11 0.000027
6 12 0.000040
6 13 0.000057
6 14 0.000081
6 15 0.000113
6 16 0.000154
6 17 0.000206
6 18 0.000271
6 19 0.000349
6 20 0.000441
6 21 0.000547
6 22 0.000667
6 23 0.000797
6 24 0.000934
6 25 0.001075
6 26 0.001215
6 27 0.001346
6 28 0.001465
6 29 0.001564
6 30 0.001639
6 31 0.001686
6 32 0.001702
6 33 0.001686
6 34 0.001639
6 35 0.001564
6 36 0.001465
6 37 0.001346
6 38 0.001215
6 39 0.001075
6 40 0.000934
6 41 0.000797
6 42 0.000667
6 43 0.000547
6 44 0.000441
6 45 0.000349
6 46 0.000271
6 47 0.000206
6 48 0.000154
6 49 0.000113
6 50 0.000081
6 51 0.000057
6 52 0.000040
6 53 0.000027
6 54 0.000018
6 55 0.000012
6 56 0.000008
6 57 0.000005
6 58 0.000003
6 59 0.000002
6 60 0.000001
6 61 0.000001
6 62 0.000000
6 63 0.000000

7 0 0.000000
7 1 0.000000
7 2 0.000001
7 3 0.000001
7 4 0.000002
7 5 0.000003
7 6 0.000005
7 7 0.000008
7 8 0.000012
7 9 0.000019
7 10 0.000029
7 11 0.000044
7 12 0.000064
7 13 0.000093
7 14 0.000131
7 15 0.000182
7 16 0.000248
7 17 0.000332
7 18 0.000436
7 19 0.000562
7 20 0.000711
7 21 0.000882
7 22 0.001074
7 23 0.001283
7 24 0.001505
7 25 0.001732
7 26 0.001956
7 27 0.002168
7 28 0.002358
7 29 0.002518
7 30 0.002638
7 31 0.002713
7 32 0.002739
7 33 0.002713
7 34 0.002638
7 35 0.002518
7 36 0.002358
7 37 0.002168
7 38 0.001956
7 39 0.001732
7 40 0.001505
7 41 0.001283
7 42 0.001074
7 43 0.000882
7 44 0.000711
7 45 0.000562
7 46 0.000436
7 47 0.000332
7 48 0.000248
7 49 0.000182
7 50 0.000131
7 51 0.000093
7 52 0.000064
7 53 0.000044
7 54 0.000029
7 55 0.000019
7 56 0.000012
7 57 0.000008
7 58 0.000005
7 59 0.000003
7 60 0.000002
7 61 0.000001
7 62 0.000000
7 63 0.000000

8 0 0.000000
8 1 0.000000
8 2 0.000001
8 3 0.000002
8 4 0.000003
8 5 0.000005
8 6 0.000008
8 7 0.000012
8 8 0.000019
8 9 0.000030
8 10 0.000046
8 11 0.000069
8 12 0.000102
8 13 0.000147
8 14 0.000208
8 15 0.000289
8 16 0.000393
8 17 0.000526
8 18 0.000691
8 19 0.000890
8 20 0.001125
8 21 0.001395
8 22 0.001698
8 23 0.002028
8 24 0.002378
8 25 0.002736
8 26 0.003089
8 27 0.003424
8 28 0.003724
8 29 0.003976
8 30 0.004166
8 31 0.004284
8 32 0.004324
8 33 0.004284
8 34 0.004166
8 35 0.003976
8 36 0.003724
8 37 0.003424
8 38 0.003089
8 39 0.002736
8 40 0.002378
8 41 0.002028
8 42 0.001698
8 43 0.001395
8 44 0.001125
8 45 0.000890
8 46 0.000691
8 47 0.000526
8 48 0.000393
8 49 0.000289
8 50 0.000208
8 51 0.000147
8 52 0.000102
8 53 0.000069
8 54 0.000046
8 55 0.000030
8 56 0.000019
8 57 0.000012
8 58 0.000008
8 59 0.000005
8 60 0.000003
8 61 0.000001
8 62 0.000001
8 63 0.000000

9 0 0.000000
9 1 0.000001
9 2 0.000001
9 3 0.000002
9 4 0.000004
9 5 0.000007
9 6 0.000012
9 7 0.000019
9 8 0.000030
9 9 0.000047
9 10 0.000072
9 11 0.000107
9 12 0.000158
9 13 0.000228
9 14 0.000323
9 15 0.000448
9 16 0.000611
9 17 0.000817
9 18 0.001072
9 19 0.001381
9 20 0.001745
9 21 0.002164
9 22 0.002633
9 23 0.003145
9 24 0.003686
9 25 0.004240
9 26 0.004787
9 27 0.005304
9 28 0.005769
9 29 0.006158
9 30 0.006452
9 31 0.006635
9 32 0.006697
9 33 0.006635
9 34 0.006452
9 35 0.006158
9 36 0.005769
9 37 0.005304
9 38 0.004787
9 39 0.004240
9 40 0.003686
9 41 0.003145
9 42 0.002633
9 43 0.002164
9 44 0.001745
9 45 0.001381
9 46 0.001072
9 47 0.000817
9 48 0.000611
9 49 0.000448
9 50 0.000323
9 51 0.000228
9 52 0.000158
9 53 0.000107
9 54 0.000072
9 55 0.000047
9 56 0.000030
9 57 0.000019
9 58 0.000012
9 59 0.000007
9 60 0.000004
9 61 0.000002
9 62 0.000001
9 63 0.000000

10 0 0.000000
10 1 0.000001
10 2 0.000002
10 3 0.000004
10 4 0.000006
10 5 0.000011
10 6 0.000018
10 7 0.000029
10 8 0.000046
10 9 0.000072
10 10 0.000110
10 11 0.000164
10 12 0.000241
10 13 0.000348
10 14 0.000492
10 15 0.000684
10 16 0.000931
10 17 0.001245
10 18 0.001633
10 19 0.002102
10 20 0.002656
10 21 0.003292
10 22 0.004006
10 23 0.004783
10 24 0.005605
10 25 0.006446
10 26 0.007276
10 27 0.008062
10 28 0.008767
10 29 0.009358
10 30 0.009804
10 31 0.010081
10 32 0.010176
10 33 0.010081
10 34 0.009804
10 35 0.009358
10 36 0.008767
10 37 0.008062
10 38 0.007276
10 39 0.006446
10 40 0.005605
10 41 0.004783
10 42 0.004006
10 43 0.003292
10 44 0.002656
10 45 0.002102
10 46 0.001633
10 47 0.001245
10 48 0.000931
10 49 0.000684
10 50 0.000492
10 51 0.000348
10 52 0.000241
10 53 0.000164
10 54 0.000110
10 55 0.000072
10 56 0.000046
10 57 0.000029
10 58 0.000018
10 59 0.000011
10 60 0.000006
10 61 0.000004
10 62 0.000001
10 63 0.000000

11 0 0.000000
11 1 0.000001
11 2 0.000003
11 3 0.000006
11 4 0.000010
11 5 0.000016
11 6 0.000027
11 7 0.000044
11 8 0.000069
11 9 0.000107
11 10 0.000164
11 11 0.000246
11 12 0.000361
11 13 0.000521
11 14 0.000737
11 15 0.001022
11 16 0.001392
11 17 0.001861
11 18 0.002440
11 19 0.003140
11 20 0.003966
11 21 0.004915
11 22 0.005979
11 23 0.007137
11 24 0.008362
11 25 0.009615
11 26 0.010852
11 27 0.012022
11 28 0.013071
11 29 0.013951
11 30 0.014615
11 31 0.015028
11 32 0.015169
11 33 0.015028
11 34 0.014615
11 35 0.013951
11 36 0.013071
11 37 0.012022
11 38 0.010852
11 39 0.009615
11 40 0.008362
11 41 0.007137
11 42 0.005979
11 43 0.004915
11 44 0.003966
11 45 0.003140
11 46 0.002440
11 47 0.001861
11 48 0.001392
11 49 0.001022
11 50 0.000737
11 51 0.000521
11 52 0.000361
11 53 0.000246
11 54 0.000164
11 55 0.000107
11 56 0.000069
11 57 0.000044
11 58 0.000027
11 59 0.000016
11 60 0.000010
11 61 0.000005
11 62 0.000002
11 63 0.000000

12 0 0.000000
12 1 0.000002
12 2 0.000005
12 3 0.000008
12 4 0.000014
12 5 0.000024
12 6 0.000040
12 7 0.000064
12 8 0.000102
12 9 0.000158
12 10 0.000241
12 11 0.000361
12 12 0.000531
12 13 0.000765
12 14 0.001081
12 15 0.001500
12 16 0.002043
12 17 0.002729
12 18 0.003578
12 19 0.004602
12 20 0.005811
12 21 0.007200
12 22 0.008755
12 23 0.010449
12 24 0.012239
12 25 0.014071
12 26 0.015879
12 27 0.017588
12 28 0.019122
12 29 0.020406
12 30 0.021376
12 31 0.021980
12 32 0.022185
12 33 0.021980
12 34 0.021376
12 35 0.020406
12 36 0.019122
12 37 0.017588
12 38 0.015879
12 39 0.014071
12 40 0.012239
12 41 0.010449
12 42 0.008755
12 43 0.007200
12 44 0.005811
12 45 0.004602
12 46 0.003578
12 47 0.002729
12 48 0.002043
12 49 0.001500
12 50 0.001081
12 51 0.000765
12 52 0.000531
12 53 0.000361
12 54 0.000241
12 55 0.000158
12 56 0.000102
12 57 0.000064
12 58 0.000040
12 59 0.000024
12 60 0.000014
12 61 0.000008
12 62 0.000003
12 63 0.000000

13 0 0.000000
13 1 0.000003
13 2 0.000007
13 3 0.000012
13 4 0.000021
13 5 0.000035
13 6 0.000057
13 7 0.000093
13 8 0.000147
13 9 0.000228
13 10 0.000348
13 11 0.000521
13 12 0.000765
13 13 0.001102
13 14 0.001557
13 15 0.002160
13 16 0.002940
13 17 0.003926
13 18 0.005146
13 19 0.006618
13 20 0.008353
13 21 0.010347
13 22 0.012579
13 23 0.015009
13 24 0.017578
13 25 0.020205
13 26 0.022797
13 27 0.025247
13 28 0.027446
13 29 0.029287
13 30 0.030676
13 31 0.031542
13 32 0.031836
13 33 0.031542
13 34 0.030676
13 35 0.029287
13 36 0.027446
13 37 0.025247
13 38 0.022797
13 39 0.020205
13 40 0.017578
13 41 0.015009
13 42 0.012579
13 43 0.010347
13 44 0.008353
13 45 0.006618
13 46 0.005146
13 47 0.003926
13 48 0.002940
13 49 0.002160
13 50 0.001557
13 51 0.001102
13 52 0.000765
13 53 0.000521
13 54 0.000348
13 55 0.000228
13 56 0.000147
13 57 0.000093
13 58 0.000057
13 59 0.000035
13 60 0.000021
13 61 0.000011
13 62 0.000004
13 63 0.000000

14 0 0.000000
14 1 0.000004
14 2 0.000009
14 3 0.000017
14 4 0.000029
14 5 0.000049
14 6 0.000081
14 7 0.000131
14 8 0.000208
14 9 0.000323
14 10 0.000492
14 11 0.000737
14 12 0.001081
14 13 0.001557
14 14 0.002201
14 15 0.003051
14 16 0.004152
14 17 0.005543
14 18 0.007262
14 19 0.009338
14 20 0.011782
14 21 0.014591
14 22 0.017734
14 23 0.021156
14 24 0.024771
14 25 0.028468
14 26 0.032115
14 27 0.035561
14 28 0.038653
14 29 0.041243
14 30 0.043197
14 31 0.044414
14 32 0.044827
14 33 0.044414
14 34 0.043197
14 35 0.041243
14 36 0.038653
14 37 0.035561
14 38 0.032115
14 39 0.028468
14 40 0.024771
14 41 0.021156
14 42 0.017734
14 43 0.014591
14 44 0.011782
14 45 0.009338
14 46 0.007262
14 47 0.005543
14 48 0.004152
14 49 0.003051
14 50 0.002201
14 51 0.001557
14 52 0.001081
14 53 0.000737
14 54 0.000492
14 55 0.000323
14 56 0.000208
14 57 0.000131
14 58 0.000081
14 59 0.000049
14 60 0.000029
14 61 0.000016
14 62 0.000006
14 63 0.000000

15 0 0.000000
15 1 0.000005
15 2 0.000013
15 3 0.000024
15 4 0.000041
15 5 0.000069
15 6 0.000113
15 7 0.000182
15 8 0.000289
15 9 0.000448
15 10 0.000684
15 11 0.001022
15 12 0.001500
15 13 0.002160
15 14 0.003051
15 15 0.004230
15 16 0.005753
15 17 0.007679
15 18 0.010057
15 19 0.012927
15 20 0.016308
15 21 0.020190
15 22 0.024533
15 23 0.029260
15 24 0.034253
15 25 0.039359
15 26 0.044393
15 27 0.049151
15 28 0.053419
15 29 0.056992
15 30 0.059689
15 31 0.061368
15 32 0.061938
15 33 0.061368
15 34 0.059689
15 35 0.056992
15 36 0.053419
15 37 0.049151
15 38 0.044393
15 39 0.039359
15 40 0.034253
15 41 0.029260
15 42 0.024533
15 43 0.020190
15 44 0.016308
15 45 0.012927
15 46 0.010057
15 47 0.007679
15 48 0.005753
15 49 0.004230
15 50 0.003051
15 51 0.002160
15 52 0.001500
15 53 0.001022
15 54 0.000684
15 55 0.000448
15 56 0.000289
15 57 0.000182
15 58 0.000113
15 59 0.000069
15 60 0.000041
15 61 0.000022
15 62 0.000009
15 63 0.000000

16 0 0.000000
16 1 0.000007
16 2 0.000018
16 3 0.000032
16 4 0.000056
16 5 0.000094
16 6 0.000154
16 7 0.000248
16 8 0.000393
16 9 0.000611
16 10 0.000931
16 11 0.001392
16 12 0.002043
16 13 0.002940
16 14 0.004152
16 15 0.005753
16 16 0.007822
16 17 0.010437
16 18 0.013667
16 19 0.017562
16 20 0.022149
16 21 0.027415
16 22 0.033305
16 23 0.039713
16 24 0.046480
16 25 0.053400
16 26 0.060221
16 27 0.066666
16 28 0.072446
16 29 0.077286
16 30 0.080938
16 31 0.083212
16 32 0.083984
16 33 0.083212
16 34 0.080938
16 35 0.077286
16 36 0.072446
16 37 0.066666
16 38 0.060221
16 39 0.053400
16 40 0.046480
16 41 0.039713
16 42 0.033305
16 43 0.027415
16 44 0.022149
16 45 0.017562
16 46 0.013667
16 47 0.010437
16 48 0.007822
16 49 0.005753
16 50 0.004152
16 51 0.002940
16 52 0.002043
16 53 0.001392
16 54 0.000931
16 55 0.000611
16 56 0.000393
16 57 0.000248
16 58 0.000154
16 59 0.000093
16 60 0.000055
16 61 0.000031
16 62 0.000012
16 63 0.000000

17 0 0.000000
17 1 0.000009
17 2 0.000024
17 3 0.000043
17 4 0.000075
17 5 0.000125
17 6 0.000206
17 7 0.000332
17 8 0.000526
17 9 0.000817
17 10 0.001245
17 11 0.001861
17 12 0.002729
17 13 0.003926
17 14 0.005543
17 15 0.007679
17 16 0.010437
17 17 0.013923
17 18 0.018225
17 19 0.023413
17 20 0.029520
17 21 0.036530
17 22 0.044369
17 23 0.052895
17 24 0.061897
17 25 0.071099
17 26 0.080168
17 27 0.088737
17 28 0.096421
17 29 0.102853
17 30 0.107708
17 31 0.110729
17 32 0.111755
17 33 0.110729
17 34 0.107708
17 35 0.102853
17 36 0.096421
17 37 0.088737
17 38 0.080168
17 39 0.071099
17 40 0.061897
17 41 0.052895
17 42 0.044369
17 43 0.036530
17 44 0.029520
17 45 0.023413
17 46 0.018225
17 47 0.013923
17 48 0.010437
17 49 0.007679
17 50 0.005543
17 51 0.003926
17 52 0.002729
17 53 0.001861
17 54 0.001245
17 55 0.000817
17 56 0.000526
17 57 0.000332
17 58 0.000206
17 59 0.000125
17 60 0.000074
17 61 0.000041
17 62 0.000016
17 63 0.000000

18 0 0.000000
18 1 0.000012
18 2 0.000031
18 3 0.000057
18 4 0.000098
18 5 0.000165
18 6 0.000271
18 7 0.000436
18 8 0.000691
18 9 0.001072
18 10 0.001633
18 11 0.002440
18 12 0.003578
18 13 0.005146
18 14 0.007262
18 15 0.010057
18 16 0.013667
18 17 0.018225
18 18 0.023851
18 19 0.030633
18 20 0.038613
18 21 0.047771
18 22 0.058009
18 23 0.069142
18 24 0.080894
18 25 0.092905
18 26 0.104741
18 27 0.115921
18 28 0.125947
18 29 0.134337
18 30 0.140669
18 31 0.144610
18 32 0.145948
18 33 0.144610
18 34 0.140669
18 35 0.134337
18 36 0.125947
18 37 0.115921
18 38 0.104741
18 39 0.092905
18 40 0.080894
18 41 0.069142
18 42 0.058009
18 43 0.047771
18 44 0.038613
18 45 0.030633
18 46 0.023851
18 47 0.018225
18 48 0.013667
18 49 0.010057
18 50 0.007262
18 51 0.005146
18 52 0.003578
18 53 0.002440
18 54 0.001633
18 55 0.001072
18 56 0.000691
18 57 0.000436
18 58 0.000271
18 59 0.000164
18 60 0.000098
18 61 0.000054
18 62 0.000021
18 63 0.000000

19 0 0.000000
19 1 0.000016
19 2 0.000040
19 3 0.000074
19 4 0.000127
19 5 0.000212
19 6 0.000349
19 7 0.000562
19 8 0.000890
19 9 0.001381
19 10 0.002102
19 11 0.003140
19 12 0.004602
19 13 0.006618
19 14 0.009338
19 15 0.012927
19 16 0.017562
19 17 0.023413
19 18 0.030633
19 19 0.039333
19 20 0.049568
19 21 0.061311
19 22 0.074435
19 23 0.088703
19 24 0.103762
19 25 0.119149
19 26 0.134309
19 27 0.148628
19 28 0.161466
19 29 0.172209
19 30 0.180316
19 31 0.185361
19 32 0.187074
19 33 0.185361
19 34 0.180316
19 35 0.172209
19 36 0.161466
19 37 0.148628
19 38 0.134309
19 39 0.119149
19 40 0.103762
19 41 0.088703
19 42 0.074435
19 43 0.061311
19 44 0.049568
19 45 0.039333
19 46 0.030633
19 47 0.023413
19 48 0.017562
19 49 0.012927
19 50 0.009338
19 51 0.006618
19 52 0.004602
19 53 0.003140
19 54 0.002102
19 55 0.001381
19 56 0.000890
19 57 0.000562
19 58 0.000349
19 59 0.000212
19 60 0.000126
19 61 0.000069
19 62 0.000027
19 63 0.000000

20 0 0.000000
20 1 0.000020
20 2 0.000050
20 3 0.000093
20 4 0.000160
20 5 0.000268
20 6 0.000441
20 7 0.000711
20 8 0.001125
20 9 0.001745
20 10 0.002656
20 11 0.003966
20 12 0.005811
20 13 0.008353
20 14 0.011782
20 15 0.016308
20 16 0.022149
20 17 0.029520
20 18 0.038613
20 19 0.049568
20 20 0.062453
20 21 0.077231
20 22 0.093744
20 23 0.111692
20 24 0.130632
20 25 0.149980
20 26 0.169041
20 27 0.187041
20 28 0.203178
20 29 0.216680
20 30 0.226869
20 31 0.233209
20 32 0.235361
20 33 0.233209
20 34 0.226869
20 35 0.216680
20 36 0.203178
20 37 0.187041
20 38 0.169041
20 39 0.149980
20 40 0.130632
20 41 0.111692
20 42 0.093744
20 43 0.077231
20 44 0.062453
20 45 0.049568
20 46 0.038613
20 47 0.029520
20 48 0.022149
20 49 0.016308
20 50 0.011782
20 51 0.008353
20 52 0.005811
20 53 0.003966
20 54 0.002656
20 55 0.001745
20 56 0.001125
20 57 0.000711
20 58 0.000441
20 59 0.000268
20 60 0.000159
20 61 0.000088
20 62 0.000034
20 63 0.000000

21 0 0.000000
21 1 0.000024
21 2 0.000063
21 3 0.000116
21 4 0.000199
21 5 0.000333
21 6 0.000547
21 7 0.000882
21 8 0.001395
21 9 0.002164
21 10 0.003292
21 11 0.004915
21 12 0.007200
21 13 0.010347
21 14 0.014591
21 15 0.020190
21 16 0.027415
21 17 0.036530
21 18 0.047771
21 19 0.061311
21 20 0.077231
21 21 0.095487
21 22 0.115881
21 23 0.138044
21 24 0.161426
21 25 0.185309
21 26 0.208833
21 27 0.231045
21 28 0.250955
21 29 0.267614
21 30 0.280183
21 31 0.288004
21 32 0.290659
21 33 0.288004
21 34 0.280183
21 35 0.267614
21 36 0.250955
21 37 0.231045
21 38 0.208833
21 39 0.185309
21 40 0.161426
21 41 0.138044
21 42 0.115881
21 43 0.095487
21 44 0.077231
21 45 0.061311
21 46 0.047771
21 47 0.036530
21 48 0.027415
21 49 0.020190
21 50 0.014591
21 51 0.010347
21 52 0.007200
21 53 0.004915
21 54 0.003292
21 55 0.002164
21 56 0.001395
21 57 0.000882
21 58 0.000547
21 59 0.000333
21 60 0.000198
21 61 0.000109
21 62 0.000042
21 63 0.000000

22 0 0.000000
22 1 0.000029
22 2 0.000076
22 3 0.000141
22 4 0.000242
22 5 0.000406
22 6 0.000667
22 7 0.001074
22 8 0.001698
22 9 0.002633
22 10 0.004006
22 11 0.005979
22 12 0.008755
22 13 0.012579
22 14 0.017734
22 15 0.024533
22 16 0.033305
22 17 0.044369
22 18 0.058009
22 19 0.074435
22 20 0.093744
22 21 0.115881
22 22 0.140606
22 23 0.167470
22 24 0.195807
22 25 0.224747
22 26 0.253247
22 27 0.280154
22 28 0.304271
22 29 0.324447
22 30 0.339669
22 31 0.349141
22 32 0.352356
22 33 0.349141
22 34 0.339669
22 35 0.324447
22 36 0.304271
22 37 0.280154
22 38 0.253247
22 39 0.224747
22 40 0.195807
22 41 0.167470
22 42 0.140606
22 43 0.115881
22 44 0.093744
22 45 0.074435
22 46 0.058009
22 47 0.044369
22 48 0.033305
22 49 0.024533
22 50 0.017734
22 51 0.012579
22 52 0.008755
22 53 0.005979
22 54 0.004006
22 55 0.002633
22 56 0.001698
22 57 0.001074
22 58 0.000667
22 59 0.000406
22 60 0.000241
22 61 0.000132
22 62 0.000051
22 63 0.000000

23 0 0.000000
23 1 0.000035
23 2 0.000091
23 3 0.000169
23 4 0.000290
23 5 0.000485
23 6 0.000797
23 7 0.001283
23 8 0.002028
23 9 0.003145
23 10 0.004783
23 11 0.007137
23 12 0.010449
23 13 0.015009
23 14 0.021156
23 15 0.029260
23 16 0.039713
23 17 0.052895
23 18 0.069142
23 19 0.088703
23 20 0.111692
23 21 0.138044
23 22 0.167470
23 23 0.199437
23 24 0.233150
23 25 0.267575
23 26 0.301474
23 27 0.333472
23 28 0.362150
23 29 0.386141
23 30 0.404239
23 31 0.415500
23 32 0.419323
23 33 0.415500
23 34 0.404239
23 35 0.386141
23 36 0.362150
23 37 0.333472
23 38 0.301474
23 39 0.267575
23 40 0.233150
23 41 0.199437
23 42 0.167470
23 43 0.138044
23 44 0.111692
23 45 0.088703
23 46 0.069142
23 47 0.052895
23 48 0.039713
23 49 0.029260
23 50 0.021156
23 51 0.015009
23 52 0.010449
23 53 0.007137
23 54 0.004783
23 55 0.003145
23 56 0.002028
23 57 0.001283
23 58 0.000797
23 59 0.000485
23 60 0.000288
23 61 0.000158
23 62 0.000061
23 63 0.000000

24 0 0.000000
24 1 0.000041
24 2 0.000107
24 3 0.000198
24 4 0.000340
24 5 0.000569
24 6 0.000934
24 7 0.001505
24 8 0.002378
24 9 0.003686
24 10 0.005605
24 11 0.008362
24 12 0.012239
24 13 0.017578
24 14 0.024771
24 15 0.034253
24 16 0.046480
24 17 0.061897
24 18 0.080894
24 19 0.103762
24 20 0.130632
24 21 0.161426
24 22 0.195807
24 23 0.233150
24 24 0.272528
24 25 0.312731
24 26 0.352315
24 27 0.389676
24 28 0.423157
24 29 0.451163
24 30 0.472289
24 31 0.485434
24 32 0.489897
24 33 0.485434
24 34 0.472289
24 35 0.451163
24 36 0.423157
24 37 0.389676
24 38 0.352315
24 39 0.312731
24 40 0.272528
24 41 0.233150
24 42 0.195807
24 43 0.161426
24 44 0.130632
24 45 0.103762
24 46 0.080894
24 47 0.061897
24 48 0.046480
24 49 0.034253
24 50 0.024771
24 51 0.017578
24 52 0.012239
24 53 0.008362
24 54 0.005605
24 55 0.003686
24 56 0.002378
24 57 0.001505
24 58 0.000934
24 59 0.000569
24 60 0.000338
24 61 0.000185
24 62 0.000071
24 63 0.000000

25 0 0.000000
25 1 0.000047
25 2 0.000123
25 3 0.000228
25 4 0.000391
25 5 0.000655
25 6 0.001075
25 7 0.001732
25 8 0.002736
25 9 0.004240
25 10 0.006446
25 11 0.009615
25 12 0.014071
25 13 0.020205
25 14 0.028468
25 15 0.039359
25 16 0.053400
25 17 0.071099
25 18 0.092905
25 19 0.119149
25 20 0.149980
25 21 0.185309
25 22 0.224747
25 23 0.267575
25 24 0.312731
25 25 0.358828
25 26 0.404209
25 27 0.447038
25 28 0.485416
25 29 0.517517
25 30 0.541730
25 31 0.556796
25 32 0.561910
25 33 0.556796
25 34 0.541730
25 35 0.517517
25 36 0.485416
25 37 0.447038
25 38 0.404209
25 39 0.358828
25 40 0.312731
25 41 0.267575
25 42 0.224747
25 43 0.185309
25 44 0.149980
25 45 0.119149
25 46 0.092905
25 47 0.071099
25 48 0.053400
25 49 0.039359
25 50 0.028468
25 51 0.020205
25 52 0.014071
25 53 0.009615
25 54 0.006446
25 55 0.004240
25 56 0.002736
25 57 0.001732
25 58 0.001075
25 59 0.000655
25 60 0.000389
25 61 0.000213
25 62 0.000082
25 63 0.000000

26 0 0.000000
26 1 0.000053
26 2 0.000139
26 3 0.000258
26 4 0.000442
26 5 0.000740
26 6 0.001215
26 7 0.001956
26 8 0.003089
26 9 0.004787
26 10 0.007276
26 11 0.010852
26 12 0.015879
26 13 0.022797
26 14 0.032115
26 15 0.044393
26 16 0.060221
26 17 0.080168
26 18 0.104741
26 19 0.134309
26 20 0.169041
26 21 0.208833
26 22 0.253247
26 23 0.301474
26 24 0.352315
26 25 0.404209
26 26 0.455293
26 27 0.503500
26 28 0.546694
26 29 0.582821
26 30 0.610070
26 31 0.627024
26 32 0.632779
26 33 0.627024
26 34 0.610070
26 35 0.582821
26 36 0.546694
26 37 0.503500
26 38 0.455293
26 39 0.404209
26 40 0.352315
26 41 0.301474
26 42 0.253247
26 43 0.208833
26 44 0.169041
26 45 0.134309
26 46 0.104741
26 47 0.080168
26 48 0.060221
26 49 0.044393
26 50 0.032115
26 51 0.022797
26 52 0.015879
26 53 0.010852
26 54 0.007276
26 55 0.004787
26 56 0.003089
26 57 0.001956
26 58 0.001215
26 59 0.000740
26 60 0.000440
26 61 0.000241
26 62 0.000092
26 63 0.000000

27 0 0.000000
27 1 0.000059
27 2 0.000155
27 3 0.000286
27 4 0.000490
27 5 0.000820
27 6 0.001346
27 7 0.002168
27 8 0.003424
27 9 0.005304
27 10 0.008062
27 11 0.012022
27 12 0.017588
27 13 0.025247
27 14 0.035561
27 15 0.049151
27 16 0.066666
27 17 0.088737
27 18 0.115921
27 19 0.148628
27 20 0.187041
27 21 0.231045
27 22 0.280154
27 23 0.333472
27 24 0.389676
27 25 0.447038
27 26 0.503500
27 27 0.556779
27 28 0.604514
27 29 0.644436
27 30 0.674547
27 31 0.693281
27 32 0.699640
27 33 0.693281
27 34 0.674547
27 35 0.644436
27 36 0.604514
27 37 0.556779
27 38 0.503500
27 39 0.447038
27 40 0.389676
27 41 0.333472
27 42 0.280154
27 43 0.231045
27 44 0.187041
27 45 0.148628
27 46 0.115921
27 47 0.088737
27 48 0.066666
27 49 0.049151
27 50 0.035561
27 51 0.025247
27 52 0.017588
27 53 0.012022
27 54 0.008062
27 55 0.005304
27 56 0.003424
27 57 0.002168
27 58 0.001346
27 59 0.000820
27 60 0.000488
27 61 0.000267
27 62 0.000102
27 63 0.000000

28 0 0.000000
28 1 0.000064
28 2 0.000168
28 3 0.000311
28 4 0.000533
28 5 0.000893
28 6 0.001465
28 7 0.002358
28 8 0.003724
28 9 0.005769
28 10 0.008767
28 11 0.013071
28 12 0.019122
28 13 0.027446
28 14 0.038653
28 15 0.053419
28 16 0.072446
28 17 0.096421
28 18 0.125947
28 19 0.161466
28 20 0.203178
28 21 0.250955
28 22 0.304271
28 23 0.362150
28 24 0.423157
28 25 0.485416
28 26 0.546694
28 27 0.604514
28 28 0.656314
28 29 0.699635
28 30 0.732308
28 31 0.752636
28 32 0.759536
28 33 0.752636
28 34 0.732308
28 35 0.699635
28 36 0.656314
28 37 0.604514
28 38 0.546694
28 39 0.485416
28 40 0.423157
28 41 0.362150
28 42 0.304271
28 43 0.250955
28 44 0.203178
28 45 0.161466
28 46 0.125947
28 47 0.096421
28 48 0.072446
28 49 0.053419
28 50 0.038653
28 51 0.027446
28 52 0.019122
28 53 0.013071
28 54 0.008767
28 55 0.005769
28 56 0.003724
28 57 0.002358
28 58 0.001465
28 59 0.000892
28 60 0.000531
28 61 0.000291
28 62 0.000111
28 63 0.000000

29 0 0.000000
29 1 0.000069
29 2 0.000180
29 3 0.000332
29 4 0.000570
29 5 0.000953
29 6 0.001564
29 7 0.002518
29 8 0.003976
29 9 0.006158
29 10 0.009358
29 11 0.013951
29 12 0.020406
29 13 0.029287
29 14 0.041243
29 15 0.056992
29 16 0.077286
29 17 0.102853
29 18 0.134337
29 19 0.172209
29 20 0.216680
29 21 0.267614
29 22 0.324447
29 23 0.386141
29 24 0.451163
29 25 0.517517
29 26 0.582821
29 27 0.644436
29 28 0.699635
29 29 0.745797
29 30 0.780611
29 31 0.802271
29 32 0.809623
29 33 0.802271
29 34 0.780611
29 35 0.745797
29 36 0.699635
29 37 0.644436
29 38 0.582821
29 39 0.517517
29 40 0.451163
29 41 0.386141
29 42 0.324447
29 43 0.267614
29 44 0.216680
29 45 0.172209
29 46 0.134337
29 47 0.102853
29 48 0.077286
29 49 0.056992
29 50 0.041243
29 51 0.029287
29 52 0.020406
29 53 0.013951
29 54 0.009358
29 55 0.006158
29 56 0.003976
29 57 0.002518
29 58 0.001564
29 59 0.000953
29 60 0.000567
29 61 0.000311
29 62 0.000119
29 63 0.000000

30 0 0.000000
30 1 0.000072
30 2 0.000188
30 3 0.000348
30 4 0.000597
30 5 0.000999
30 6 0.001639
30 7 0.002638
30 8 0.004166
30 9 0.006452
30 10 0.009804
30 11 0.014615
30 12 0.021376
30 13 0.030676
30 14 0.043197
30 15 0.059689
30 16 0.080938
30 17 0.107708
30 18 0.140669
30 19 0.180316
30 20 0.226869
30 21 0.280183
30 22 0.339669
30 23 0.404239
30 24 0.472289
30 25 0.541730
30 26 0.610070
30 27 0.674547
30 28 0.732308
30 29 0.780611
30 30 0.817041
30 31 0.839705
30 32 0.847397
30 33 0.839705
30 34 0.817041
30 35 0.780611
30 36 0.732308
30 37 0.674547
30 38 0.610070
30 39 0.541730
30 40 0.472289
30 41 0.404239
30 42 0.339669
30 43 0.280183
30 44 0.226869
30 45 0.180316
30 46 0.140669
30 47 0.107708
30 48 0.080938
30 49 0.059689
30 50 0.043197
30 51 0.030676
30 52 0.021376
30 53 0.014615
30 54 0.009804
30 55 0.006452
30 56 0.004166
30 57 0.002638
30 58 0.001639
30 59 0.000999
30 60 0.000594
30 61 0.000326
30 62 0.000124
30 63 0.000000

31 0 0.000000
31 1 0.000074
31 2 0.000194
31 3 0.000358
31 4 0.000614
31 5 0.001027
31 6 0.001686
31 7 0.002713
31 8 0.004284
31 9 0.006635
31 10 0.010081
31 11 0.015028
31 12 0.021980
31 13 0.031542
31 14 0.044414
31 15 0.061368
31 16 0.083212
31 17 0.110729
31 18 0.144610
31 19 0.185361
31 20 0.233209
31 21 0.288004
31 22 0.349141
31 23 0.415500
31 24 0.485434
31 25 0.556796
31 26 0.627024
31 27 0.693281
31 28 0.752636
31 29 0.802271
31 30 0.839705
31 31 0.862993
31 32 0.870898
31 33 0.862993
31 34 0.839705
31 35 0.802271
31 36 0.752636
31 37 0.693281
31 38 0.627024
31 39 0.556796
31 40 0.485434
31 41 0.415500
31 42 0.349141
31 43 0.288004
31 44 0.233209
31 45 0.185361
31 46 0.144610
31 47 0.110729
31 48 0.083212
31 49 0.061368
31 50 0.044414
31 51 0.031542
31 52 0.021980
31 53 0.015028
31 54 0.010081
31 55 0.006635
31 56 0.004284
31 57 0.002713
31 58 0.001686
31 59 0.001027
31 60 0.000611
31 61 0.000335
31 62 0.000128
31 63 0.000000

32 0 0.000000
32 1 0.000075
32 2 0.000195
32 3 0.000362
32 4 0.000620
32 5 0.001037
32 6 0.001702
32 7 0.002739
32 8 0.004324
32 9 0.006697
32 10 0.010176
32 11 0.015169
32 12 0.022185
32 13 0.031836
32 14 0.044827
32 15 0.061938
32 16 0.083984
32 17 0.111755
32 18 0.145948
32 19 0.187074
32 20 0.235361
32 21 0.290659
32 22 0.352356
32 23 0.419323
32 24 0.489897
32 25 0.561910
32 26 0.632779
32 27 0.699640
32 28 0.759536
32 29 0.809623
32 30 0.847397
32 31 0.870898
32 32 0.878875
32 33 0.870898
32 34 0.847397
32 35 0.809623
32 36 0.759536
32 37 0.699640
32 38 0.632779
32 39 0.561910
32 40 0.489897
32 41 0.419323
32 42 0.352356
32 43 0.290659
32 44 0.235361
32 45 0.187074
32 46 0.145948
32 47 0.111755
32 48 0.083984
32 49 0.061938
32 50 0.044827
32 51 0.031836
32 52 0.022185
32 53 0.015169
32 54 0.010176
32 55 0.006697
32 56 0.004324
32 57 0.002739
32 58 0.001702
32 59 0.001037
32 60 0.000617
32 61 0.000338
32 62 0.000129
32 63 0.000000

33 0 0.000000
33 1 0.000074
33 2 0.000194
33 3 0.000358
33 4 0.000614
33 5 0.001027
33 6 0.001686
33 7 0.002713
33 8 0.004284
33 9 0.006635
33 10 0.010081
33 11 0.015028
33 12 0.021980
33 13 0.031542
33 14 0.044414
33 15 0.061368
33 16 0.083212
33 17 0.110729
33 18 0.144610
33 19 0.185361
33 20 0.233209
33 21 0.288004
33 22 0.349141
33 23 0.415500
33 24 0.485434
33 25 0.556796
33 26 0.627024
33 27 0.693281
33 28 0.752636
33 29 0.802271
33 30 0.839705
33 31 0.862993
33 32 0.870898
33 33 0.862993
33 34 0.839705
33 35 0.802271
33 36 0.752636
33 37 0.693281
33 38 0.627024
33 39 0.556796
33 40 0.485434
33 41 0.415500
33 42 0.349141
33 43 0.288004
33 44 0.233209
33 45 0.185361
33 46 0.144610
33 47 0.110729
33 48 0.083212
33 49 0.061368
33 50 0.044414
33 51 0.031542
33 52 0.021980
33 53 0.015028
33 54 0.010081
33 55 0.006635
33 56 0.004284
33 57 0.002713
33 58 0.001686
33 59 0.001027
33 60 0.000611
33 61 0.000335
33 62 0.000128
33 63 0.000000

34 0 0.000000
34 1 0.000072
34 2 0.000188
34 3 0.000348
34 4 0.000597
34 5 0.000999
34 6 0.001639
34 7 0.002638
34 8 0.004166
34 9 0.006452
34 10 0.009804
34 11 0.014615
34 12 0.021376
34 13 0.030676
34 14 0.043197
34 15 0.059689
34 16 0.080938
34 17 0.107708
34 18 0.140669
34 19 0.180316
34 20 0.226869
34 21 0.280183
34 22 0.339669
34 23 0.404239
34 24 0.472289
34 25 0.541730
34 26 0.610070
34 27 0.674547
34 28 0.732308
34 29 0.780611
34 30 0.817041
34 31 0.839705
34 32 0.847397
34 33 0.839705
34 34 0.817041
34 35 0.780611
34 36 0.732308
34 37 0.674547
34 38 0.610070
34 39 0.541730
34 40 0.472289
34 41 0.404239
34 42 0.339669
34 43 0.280183
34 44 0.226869
34 45 0.180316
34 46 0.140669
34 47 0.107708
34 48 0.080938
34 49 0.059689
34 50 0.043197
34 51 0.030676
34 52 0.021376
34 53 0.014615
34 54 0.009804
34 55 0.006452
34 56 0.004166
34 57 0.002638
34 58 0.001639
34 59 0.000999
34 60 0.000594
34 61 0.000326
34 62 0.000124
34 63 0.000000

35 0 0.000000
35 1 0.000069
35 2 0.000180
35 3 0.000332
35 4 0.000570
35 5 0.000953
35 6 0.001564
35 7 0.002518
35 8 0.003976
35 9 0.006158
35 10 0.009358
35 11 0.013951
35 12 0.020406
35 13 0.029287
35 14 0.041243
35 15 0.056992
35 16 0.077286
35 17 0.102853
35 18 0.134337
35 19 0.172209
35 20 0.216680
35 21 0.267614
35 22 0.324447
35 23 0.386141
35 24 0.451163
35 25 0.517517
35 26 0.582821
35 27 0.644436
35 28 0.699635
35 29 0.745797
35 30 0.780611
35 31 0.802271
35 32 0.809623
35 33 0.802271
35 34 0.780611
35 35 0.745797
35 36 0.699635
35 37 0.644436
35 38 0.582821
35 39 0.517517
35 40 0.451163
35 41 0.386141
35 42 0.324447
35 43 0.267614
35 44 0.216680
35 45 0.172209
35 46 0.134337
35 47 0.102853
35 48 0.077286
35 49 0.056992
35 50 0.041243
35 51 0.029287
35 52 0.020406
35 53 0.013951
35 54 0.009358
35 55 0.006158
35 56 0.003976
35 57 0.002518
35 58 0.001564
35 59 0.000953
35 60 0.000567
35 61 0.000311
35 62 0.000119
35 63 0.000000

36 0 0.000000
36 1 0.000064
36 2 0.000168
36 3 0.000311
36 4 0.000533
36 5 0.000893
36 6 0.001465
36 7 0.002358
36 8 0.003724
36 9 0.005769
36 10 0.008767
36 11 0.013071
36 12 0.019122
36 13 0.027446
36 14 0.038653
36 15 0.053419
36 16 0.072446
36 17 0.096421
36 18 0.125947
36 19 0.161466
36 20 0.203178
36 21 0.250955
36 22 0.304271
36 23 0.362150
36 24 0.423157
36 25 0.485416
36 26 0.546694
36 27 0.604514
36 28 0.656314
36 29 0.699635
36 30 0.732308
36 31 0.752636
36 32 0.759536
36 33 0.752636
36 34 0.732308
36 35 0.699635
36 36 0.656314
36 37 0.604514
36 38 0.546694
36 39 0.485416
36 40 0.423157
36 41 0.362150
36 42 0.304271
36 43 0.250955
36 44 0.203178
36 45 0.161466
36 46 0.125947
36 47 0.096421
36 48 0.072446
36 49 0.053419
36 50 0.038653
36 51 0.027446
36 52 0.019122
36 53 0.013071
36 54 0.008767
36 55 0.005769
36 56 0.003724
36 57 0.002358
36 58 0.001465
36 59 0.000892
36 60 0.000531
36 61 0.000291
36 62 0.000111
36 63 0.000000

37 0 0.000000
37 1 0.000059
37 2 0.000155
37 3 0.000286
37 4 0.000490
37 5 0.000820
37 6 0.001346
37 7 0.002168
37 8 0.003424
37 9 0.005304
37 10 0.008062
37 11 0.012022
37 12 0.017588
37 13 0.025247
37 14 0.035561
37 15 0.049151
37 16 0.066666
37 17 0.088737
37 18 0.115921
37 19 0.148628
37 20 0.187041
37 21 0.231045
37 22 0.280154
37 23 0.333472
37 24 0.389676
37 25 0.447038
37 26 0.503500
37 27 0.556779
37 28 0.604514
37 29 0.644436
37 30 0.674547
37 31 0.693281
37 32 0.699640
37 33 0.693281
37 34 0.674547
37 35 0.644436
37 36 0.604514
37 37 0.556779
37 38 0.503500
37 39 0.447038
37 40 0.389676
37 41 0.333472
37 42 0.280154
37 43 0.231045
37 44 0.187041
37 45 0.148628
37 46 0.115921
37 47 0.088737
37 48 0.066666
37 49 0.049151
37 50 0.035561
37 51 0.025247
37 52 0.017588
37 53 0.012022
37 54 0.008062
37 55 0.005304
37 56 0.003424
37 57 0.002168
37 58 0.001346
37 59 0.000820
37 60 0.000488
37 61 0.000267
37 62 0.000102
37 63 0.000000

38 0 0.000000
38 1 0.000053
38 2 0.000139
38 3 0.000258
38 4 0.000442
38 5 0.000740
38 6 0.001215
38 7 0.001956
38 8 0.003089
38 9 0.004787
38 10 0.007276
38 11 0.010852
38 12 0.015879
38 13 0.022797
38 14 0.032115
38 15 0.044393
38 16 0.060221
38 17 0.080168
38 18 0.104741
38 19 0.134309
38 20 0.169041
38 21 0.208833
38 22 0.253247
38 23 0.301474
38 24 0.352315
38 25 0.404209
38 26 0.455293
38 27 0.503500
38 28 0.546694
38 29 0.582821
38 30 0.610070
38 31 0.627024
38 32 0.632779
38 33 0.627024
38 34 0.610070
38 35 0.582821
38 36 0.546694
38 37 0.503500
38 38 0.455293
38 39 0.404209
38 40 0.352315
38 41 0.301474
38 42 0.253247
38 43 0.208833
38 44 0.169041
38 45 0.134309
38 46 0.104741
38 47 0.080168
38 48 0.060221
38 49 0.044393
38 50 0.032115
38 51 0.022797
38 52 0.015879
38 53 0.010852
38 54 0.007276
38 55 0.004787
38 56 0.003089
38 57 0.001956
38 58 0.001215
38 59 0.000740
38 60 0.000440
38 61 0.000241
38 62 0.000092
38 63 0.000000

39 0 0.000000
39 1 0.000047
39 2 0.000123
39 3 0.000228
39 4 0.000391
39 5 0.000655
39 6 0.001075
39 7 0.001732
39 8 0.002736
39 9 0.004240
39 10 0.006446
39 11 0.009615
39 12 0.014071
39 13 0.020205
39 14 0.028468
39 15 0.039359
39 16 0.053400
39 17 0.071099
39 18 0.092905
39 19 0.119149
39 20 0.149980
39 21 0.185309
39 22 0.224747
39 23 0.267575
39 24 0.312731
39 25 0.358828
39 26 0.404209
39 27 0.447038
39 28 0.485416
39 29 0.517517
39 30 0.541730
39 31 0.556796
39 32 0.561910
39 33 0.556796
39 34 0.541730
39 35 0.517517
39 36 0.485416
39 37 0.447038
39 38 0.404209
39 39 0.358828
39 40 0.312731
39 41 0.267575
39 42 0.224747
39 43 0.185309
39 44 0.149980
39 45 0.119149
39 46 0.092905
39 47 0.071099
39 48 0.053400
39 49 0.039359
39 50 0.028468
39 51 0.020205
39 52 0.014071
39 53 0.009615
39 54 0.006446
39 55 0.004240
39 56 0.002736
39 57 0.001732
39 58 0.001075
39 59 0.000655
39 60 0.000389
39 61 0.000213
39 62 0.000082
39 63 0.000000

40 0 0.000000
40 1 0.000041
40 2 0.000107
40 3 0.000198
40 4 0.000340
40 5 0.000569
40 6 0.000934
40 7 0.001505
40 8 0.002378
40 9 0.003686
40 10 0.005605
40 11 0.008362
40 12 0.012239
40 13 0.017578
40 14 0.024771
40 15 0.034253
40 16 0.046480
40 17 0.061897
40 18 0.080894
40 19 0.103762
40 20 0.130632
40 21 0.161426
40 22 0.195807
40 23 0.233150
40 24 0.272528
40 25 0.312731
40 26 0.352315
40 27 0.389676
40 28 0.423157
40 29 0.451163
40 30 0.472289
40 31 0.485434
40 32 0.489897
40 33 0.485434
40 34 0.472289
40 35 0.451163
40 36 0.423157
40 37 0.389676
40 38 0.352315
40 39 0.312731
40 40 0.272528
40 41 0.233150
40 42 0.195807
40 43 0.161426
40 44 0.130632
40 45 0.103762
40 46 0.080894
40 47 0.061897
40 48 0.046480
40 49 0.034253
40 50 0.024771
40 51 0.017578
40 52 0.012239
40 53 0.008362
40 54 0.005605
40 55 0.003686
40 56 0.002378
40 57 0.001505
40 58 0.000934
40 59 0.000569
40 60 0.000338
40 61 0.000185
40 62 0.000071
40 63 0.000000

41 0 0.000000
41 1 0.000035
41 2 0.000091
41 3 0.000169
41 4 0.000290
41 5 0.000485
41 6 0.000797
41 7 0.001283
41 8 0.002028
41 9 0.003145
41 10 0.004783
41 11 0.007137
41 12 0.010449
41 13 0.015009
41 14 0.021156
41 15 0.029260
41 16 0.039713
41 17 0.052895
41 18 0.069142
41 19 0.088703
41 20 0.111692
41 21 0.138044
41 22 0.167470
41 23 0.199437
41 24 0.233150
41 25 0.267575
41 26 0.301474
41 27 0.333472
41 28 0.362150
41 29 0.386141
41 30 0.404239
41 31 0.415500
41 32 0.419323
41 33 0.415500
41 34 0.404239
41 35 0.386141
41 36 0.362150
41 37 0.333472
41 38 0.301474
41 39 0.267575
41 40 0.233150
41 41 0.199437
41 42 0.167470
41 43 0.138044
41 44 0.111692
41 45 0.088703
41 46 0.069142
41 47 0.052895
41 48 0.039713
41 49 0.029260
41 50 0.021156
41 51 0.015009
41 52 0.010449
41 53 0.007137
41 54 0.004783
41 55 0.003145
41 56 0.002028
41 57 0.001283
41 58 0.000797
41 59 0.000485
41 60 0.000288
41 61 0.000158
41 62 0.000061
41 63 0.000000

42 0 0.000000
42 1 0.000029
42 2 0.000076
42 3 0.000141
42 4 0.000242
42 5 0.000406
42 6 0.000667
42 7 0.001074
42 8 0.001698
42 9 0.002633
42 10 0.004006
42 11 0.005979
42 12 0.008755
42 13 0.012579
42 14 0.017734
42 15 0.024533
42 16 0.033305
42 17 0.044369
42 18 0.058009
42 19 0.074435
42 20 0.093744
42 21 0.115881
42 22 0.140606
42 23 0.167470
42 24 0.195807
42 25 0.224747
42 26 0.253247
42 27 0.280154
42 28 0.304271
42 29 0.324447
42 30 0.339669
42 31 0.349141
42 32 0.352356
42 33 0.349141
42 34 0.339669
42 35 0.324447
42 36 0.304271
42 37 0.280154
42 38 0.253247
42 39 0.224747
42 40 0.195807
42 41 0.167470
42 42 0.140606
42 43 0.115881
42 44 0.093744
42 45 0.074435
42 46 0.058009
42 47 0.044369
42 48 0.033305
42 49 0.024533
42 50 0.017734
42 51 0.012579
42 52 0.008755
42 53 0.005979
42 54 0.004006
42 55 0.002633
42 56 0.001698
42 57 0.001074
42 58 0.000667
42 59 0.000406
42 60 0.000241
42 61 0.000132
42 62 0.000051
42 63 0.000000

43 0 0.000000
43 1 0.000024
43 2 0.000063
43 3 0.000116
43 4 0.000199
43 5 0.000333
43 6 0.000547
43 7 0.000882
43 8 0.001395
43 9 0.002164
43 10 0.003292
43 11 0.004915
43 12 0.007200
43 13 0.010347
43 14 0.014591
43 15 0.020190
43 16 0.027415
43 17 0.036530
43 18 0.047771
43 19 0.061311
43 20 0.077231
43 21 0.095487
43 22 0.115881
43 23 0.138044
43 24 0.161426
43 25 0.185309
43 26 0.208833
43 27 0.231045
43 28 0.250955
43 29 0.267614
43 30 0.280183
43 31 0.288004
43 32 0.290659
43 33 0.288004
43 34 0.280183
43 35 0.267614
43 36 0.250955
43 37 0.231045
43 38 0.208833
43 39 0.185309
43 40 0.161426
43 41 0.138044
43 42 0.115881
43 43 0.095487
43 44 0.077231
43 45 0.061311
43 46 0.047771
43 47 0.036530
43 48 0.027415
43 49 0.020190
43 50 0.014591
43 51 0.010347
43 52 0.007200
43 53 0.004915
43 54 0.003292
43 55 0.002164
43 56 0.001395
43 57 0.000882
43 58 0.000547
43 59 0.000333
43 60 0.000198
43 61 0.000109
43 62 0.000042
43 63 0.000000

44 0 0.000000
44 1 0.000020
44 2 0.000050
44 3 0.000093
44 4 0.000160
44 5 0.000268
44 6 0.000441
44 7 0.000711
44 8 0.001125
44 9 0.001745
44 10 0.002656
44 11 0.003966
44 12 0.005811
44 13 0.008353
44 14 0.011782
44 15 0.016308
44 16 0.022149
44 17 0.029520
44 18 0.038613
44 19 0.049568
44 20 0.062453
44 21 0.077231
44 22 0.093744
44 23 0.111692
44 24 0.130632
44 25 0.149980
44 26 0.169041
44 27 0.187041
44 28 0.203178
44 29 0.216680
44 30 0.226869
44 31 0.233209
44 32 0.235361
44 33 0.233209
44 34 0.226869
44 35 0.216680
44 36 0.203178
44 37 0.187041
44 38 0.169041
44 39 0.149980
44 40 0.130632
44 41 0.111692
44 42 0.093744
44 43 0.077231
44 44 0.062453
44 45 0.049568
44 46 0.038613
44 47 0.029520
44 48 0.022149
44 49 0.016308
44 50 0.011782
44 51 0.008353
44 52 0.005811
44 53 0.003966
44 54 0.002656
44 55 0.001745
44 56 0.001125
44 57 0.000711
44 58 0.000441
44 59 0.000268
44 60 0.000159
44 61 0.000088
44 62 0.000034
44 63 0.000000

45 0 0.000000
45 1 0.000016
45 2 0.000040
45 3 0.000074
45 4 0.000127
45 5 0.000212
45 6 0.000349
45 7 0.000562
45 8 0.000890
45 9 0.001381
45 10 0.002102
45 11 0.003140
45 12 0.004602
45 13 0.006618
45 14 0.009338
45 15 0.012927
45 16 0.017562
45 17 0.023413
45 18 0.030633
45 19 0.039333
45 20 0.049568
45 21 0.061311
45 22 0.074435
45 23 0.088703
45 24 0.103762
45 25 0.119149
45 26 0.134309
45 27 0.148628
45 28 0.161466
45 29 0.172209
45 30 0.180316
45 31 0.185361
45 32 0.187074
45 33 0.185361
45 34 0.180316
45 35 0.172209
45 36 0.161466
45 37 0.148628
45 38 0.134309
45 39 0.119149
45 40 0.103762
45 41 0.088703
45 42 0.074435
45 43 0.061311
45 44 0.049568
45 45 0.039333
45 46 0.030633
45 47 0.023413
45 48 0.017562
45 49 0.012927
45 50 0.009338
45 51 0.006618
45 52 0.004602
45 53 0.003140
45 54 0.002102
45 55 0.001381
45 56 0.000890
45 57 0.000562
45 58 0.000349
45 59 0.000212
45 60 0.000126
45 61 0.000069
45 62 0.000027
45 63 0.000000

46 0 0.000000
46 1 0.000012
46 2 0.000031
46 3 0.000057
46 4 0.000098
46 5 0.000165
46 6 0.000271
46 7 0.000436
46 8 0.000691
46 9 0.001072
46 10 0.001633
46 11 0.002440
46 12 0.003578
46 13 0.005146
46 14 0.007262
46 15 0.010057
46 16 0.013667
46 17 0.018225
46 18 0.023851
46 19 0.030633
46 20 0.038613
46 21 0.047771
46 22 0.058009
46 23 0.069142
46 24 0.080894
46 25 0.092905
46 26 0.104741
46 27 0.115921
46 28 0.125947
46 29 0.134337
46 30 0.140669
46 31 0.144610
46 32 0.145948
46 33 0.144610
46 34 0.140669
46 35 0.134337
46 36 0.125947
46 37 0.115921
46 38 0.104741
46 39 0.092905
46 40 0.080894
46 41 0.069142
46 42 0.058009
46 43 0.047771
46 44 0.038613
46 45 0.030633
46 46 0.023851
46 47 0.018225
46 48 0.013667
46 49 0.010057
46 50 0.007262
46 51 0.005146
46 52 0.003578
46 53 0.002440
46 54 0.001633
46 55 0.001072
46 56 0.000691
46 57 0.000436
46 58 0.000271
46 59 0.000164
46 60 0.000098
46 61 0.000054
46 62 0.000021
46 63 0.000000

47 0 0.000000
47 1 0.000009
47 2 0.000024
47 3 0.000043
47 4 0.000075
47 5 0.000125
47 6 0.000206
47 7 0.000332
47 8 0.000526
47 9 0.000817
47 10 0.001245
47 11 0.001861
47 12 0.002729
47 13 0.003926
47 14 0.005543
47 15 0.007679
47 16 0.010437
47 17 0.013923
47 18 0.018225
47 19 0.023413
47 20 0.029520
47 21 0.036530
47 22 0.044369
47 23 0.052895
47 24 0.061897
47 25 0.071099
47 26 0.080168
47 27 0.088737
47 28 0.096421
47 29 0.102853
47 30 0.107708
47 31 0.110729
47 32 0.111755
47 33 0.110729
47 34 0.107708
47 35 0.102853
47 36 0.096421
47 37 0.088737
47 38 0.080168
47 39 0.071099
47 40 0.061897
47 41 0.052895
47 42 0.044369
47 43 0.036530
47 44 0.029520
47 45 0.023413
47 46 0.018225
47 47 0.013923
47 48 0.010437
47 49 0.007679
47 50 0.005543
47 51 0.003926
47 52 0.002729
47 53 0.001861
47 54 0.001245
47 55 0.000817
47 56 0.000526
47 57 0.000332
47 58 0.000206
47 59 0.000125
47 60 0.000074
47 61 0.000041
47 62 0.000016
47 63 0.000000

48 0 0.000000
48 1 0.000007
48 2 0.000018
48 3 0.000032
48 4 0.000056
48 5 0.000094
48 6 0.000154
48 7 0.000248
48 8 0.000393
48 9 0.000611
48 10 0.000931
48 11 0.001392
48 12 0.002043
48 13 0.002940
48 14 0.004152
48 15 0.005753
48 16 0.007822
48 17 0.010437
48 18 0.013667
48 19 0.017562
48 20 0.022149
48 21 0.027415
48 22 0.033305
48 23 0.039713
48 24 0.046480
48 25 0.053400
48 26 0.060221
48 27 0.066666
48 28 0.072446
48 29 0.077286
48 30 0.080938
48 31 0.083212
48 32 0.083984
48 33 0.083212
48 34 0.080938
48 35 0.077286
48 36 0.072446
48 37 0.066666
48 38 0.060221
48 39 0.053400
48 40 0.046480
48 41 0.039713
48 42 0.033305
48 43 0.027415
48 44 0.022149
48 45 0.017562
48 46 0.013667
48 47 0.010437
48 48 0.007822
48 49 0.005753
48 50 0.004152
48 51 0.002940
48 52 0.002043
48 53 0.001392
48 54 0.000931
48 55 0.000611
48 56 0.000393
48 57 0.000248
48 58 0.000154
48 59 0.000093
48 60 0.000055
48 61 0.000031
48 62 0.000012
48 63 0.000000

49 0 0.000000
49 1 0.000005
49 2 0.000013
49 3 0.000024
49 4 0.000041
49 5 0.000069
49 6 0.000113
49 7 0.000182
49 8 0.000289
49 9 0.000448
49 10 0.000684
49 11 0.001022
49 12 0.001500
49 13 0.002160
49 14 0.003051
49 15 0.004230
49 16 0.005753
49 17 0.007679
49 18 0.010057
49 19 0.012927
49 20 0.016308
49 21 0.020190
49 22 0.024533
49 23 0.029260
49 24 0.034253
49 25 0.039359
49 26 0.044393
49 27 0.049151
49 28 0.053419
49 29 0.056992
49 30 0.059689
49 31 0.061368
49 32 0.061938
49 33 0.061368
49 34 0.059689
49 35 0.056992
49 36 0.053419
49 37 0.049151
49 38 0.044393
49 39 0.039359
49 40 0.034253
49 41 0.029260
49 42 0.024533
49 43 0.020190
49 44 0.016308
49 45 0.012927
49 46 0.010057
49 47 0.007679
49 48 0.005753
49 49 0.004230
49 50 0.003051
49 51 0.002160
49 52 0.001500
49 53 0.001022
49 54 0.000684
49 55 0.000448
49 56 0.000289
49 57 0.000182
49 58 0.000113
49 59 0.000069
49 60 0.000041
49 61 0.000022
49 62 0.000009
49 63 0.000000

50 0 0.000000
50 1 0.000004
50 2 0.000009
50 3 0.000017
50 4 0.000029
50 5 0.000049
50 6 0.000081
50 7 0.000131
50 8 0.000208
50 9 0.000323
50 10 0.000492
50 11 0.000737
50 12 0.001081
50 13 0.001557
50 14 0.002201
50 15 0.003051
50 16 0.004152
50 17 0.005543
50 18 0.007262
50 19 0.009338
50 20 0.011782
50 21 0.014591
50 22 0.017734
50 23 0.021156
50 24 0.024771
50 25 0.028468
50 26 0.032115
50 27 0.035561
50 28 0.038653
50 29 0.041243
50 30 0.043197
50 31 0.044414
50 32 0.044827
50 33 0.044414
50 34 0.043197
50 35 0.041243
50 36 0.038653
50 37 0.035561
50 38 0.032115
50 39 0.028468
50 40 0.024771
50 41 0.021156
50 42 0.017734
50 43 0.014591
50 44 0.011782
50 45 0.009338
50 46 0.007262
50 47 0.005543
50 48 0.004152
50 49 0.003051
50 50 0.002201
50 51 0.001557
50 52 0.001081
50 53 0.000737
50 54 0.000492
50 55 0.000323
50 56 0.000208
50 57 0.000131
50 58 0.000081
50 59 0.000049
50 60 0.000029
50 61 0.000016
50 62 0.000006
50 63 0.000000

51 0 0.000000
51 1 0.000003
51 2 0.000007
51 3 0.000012
51 4 0.000021
51 5 0.000035
51 6 0.000057
51 7 0.000093
51 8 0.000147
51 9 0.000228
51 10 0.000348
51 11 0.000521
51 12 0.000765
51 13 0.001102
51 14 0.001557
51 15 0.002160
51 16 0.002940
51 17 0.003926
51 18 0.005146
51 19 0.006618
51 20 0.008353
51 21 0.010347
51 22 0.012579
51 23 0.015009
51 24 0.017578
51 25 0.020205
51 26 0.022797
51 27 0.025247
51 28 0.027446
51 29 0.029287
51 30 0.030676
51 31 0.031542
51 32 0.031836
51 33 0.031542
51 34 0.030676
51 35 0.029287
51 36 0.027446
51 37 0.025247
51 38 0.022797
51 39 0.020205
51 40 0.017578
51 41 0.015009
51 42 0.012579
51 43 0.010347
51 44 0.008353
51 45 0.006618
51 46 0.005146
51 47 0.003926
51 48 0.002940
51 49 0.002160
51 50 0.001557
51 51 0.001102
51 52 0.000765
51 53 0.000521
51 54 0.000348
51 55 0.000228
51 56 0.000147
51 57 0.000093
51 58 0.000057
51 59 0.000035
51 60 0.000021
51 61 0.000011
51 62 0.000004
51 63 0.000000

52 0 0.000000
52 1 0.000002
52 2 0.000005
52 3 0.000008
52 4 0.000014
52 5 0.000024
52 6 0.000040
52 7 0.000064
52 8 0.000102
52 9 0.000158
52 10 0.000241
52 11 0.000361
52 12 0.000531
52 13 0.000765
52 14 0.001081
52 15 0.001500
52 16 0.002043
52 17 0.002729
52 18 0.003578
52 19 0.004602
52 20 0.005811
52 21 0.007200
52 22 0.008755
52 23 0.010449
52 24 0.012239
52 25 0.014071
52 26 0.015879
52 27 0.017588
52 28 0.019122
52 29 0.020406
52 30 0.021376
52 31 0.021980
52 32 0.022185
52 33 0.021980
52 34 0.021376
52 35 0.020406
52 36 0.019122
52 37 0.017588
52 38 0.015879
52 39 0.014071
52 40 0.012239
52 41 0.010449
52 42 0.008755
52 43 0.007200
52 44 0.005811
52 45 0.004602
52 46 0.003578
52 47 0.002729
52 48 0.002043
52 49 0.001500
52 50 0.001081
52 51 0.000765
52 52 0.000531
52 53 0.000361
52 54 0.000241
52 55 0.000158
52 56 0.000102
52 57 0.000064
52 58 0.000040
52 59 0.000024
52 60 0.000014
52 61 0.000008
52 62 0.000003
52 63 0.000000

53 0 0.000000
53 1 0.000001
53 2 0.000003
53 3 0.000006
53 4 0.000010
53 5 0.000016
53 6 0.000027
53 7 0.000044
53 8 0.000069
53 9 0.000107
53 10 0.000164
53 11 0.000246
53 12 0.000361
53 13 0.000521
53 14 0.000737
53 15 0.001022
53 16 0.001392
53 17 0.001861
53 18 0.002440
53 19 0.003140
53 20 0.003966
53 21 0.004915
53 22 0.005979
53 23 0.007137
53 24 0.008362
53 25 0.009615
53 26 0.010852
53 27 0.012022
53 28 0.013071
53 29 0.013951
53 30 0.014615
53 31 0.015028
53 32 0.015169
53 33 0.015028
53 34 0.014615
53 35 0.013951
53 36 0.013071
53 37 0.012022
53 38 0.010852
53 39 0.009615
53 40 0.008362
53 41 0.007137
53 42 0.005979
53 43 0.004915
53 44 0.003966
53 45 0.003140
53 46 0.002440
53 47 0.001861
53 48 0.001392
53 49 0.001022
53 50 0.000737
53 51 0.000521
53 52 0.000361
53 53 0.000246
53 54 0.000164
53 55 0.000107
53 56 0.000069
53 57 0.000044
53 58 0.000027
53 59 0.000016
53 60 0.000010
53 61 0.000005
53 62 0.000002
53 63 0.000000

54 0 0.000000
54 1 0.000001
54 2 0.000002
54 3 0.000004
54 4 0.000006
54 5 0.000011
54 6 0.000018
54 7 0.000029
54 8 0.000046
54 9 0.000072
54 10 0.000110
54 11 0.000164
54 12 0.000241
54 13 0.000348
54 14 0.000492
54 15 0.000684
54 16 0.000931
54 17 0.001245
54 18 0.001633
54 19 0.002102
54 20 0.002656
54 21 0.003292
54 22 0.004006
54 23 0.004783
54 24 0.005605
54 25 0.006446
54 26 0.007276
54 27 0.008062
54 28 0.008767
54 29 0.009358
54 30 0.009804
54 31 0.010081
54 32 0.010176
54 33 0.010081
54 34 0.009804
54 35 0.009358
54 36 0.008767
54 37 0.008062
54 38 0.007276
54 39 0.006446
54 40 0.005605
54 41 0.004783
54 42 0.004006
54 43 0.003292
54 44 0.002656
54 45 0.002102
54 46 0.001633
54 47 0.001245
54 48 0.000931
54 49 0.000684
54 50 0.000492
54 51 0.000348
54 52 0.000241
54 53 0.000164
54 54 0.000110
54 55 0.000072
54 56 0.000046
54 57 0.000029
54 58 0.000018
54 59 0.000011
54 60 0.000006
54 61 0.000004
54 62 0.000001
54 63 0.000000

55 0 0.000000
55 1 0.000001
55 2 0.000001
55 3 0.000002
55 4 0.000004
55 5 0.000007
55 6 0.000012
55 7 0.000019
55 8 0.000030
55 9 0.000047
55 10 0.000072
55 11 0.000107
55 12 0.000158
55 13 0.000228
55 14 0.000323
55 15 0.000448
55 16 0.000611
55 17 0.000817
55 18 0.001072
55 19 0.001381
55 20 0.001745
55 21 0.002164
55 22 0.002633
55 23 0.003145
55 24 0.003686
55 25 0.004240
55 26 0.004787
55 27 0.005304
55 28 0.005769
55 29 0.006158
55 30 0.006452
55 31 0.006635
55 32 0.006697
55 33 0.006635
55 34 0.006452
55 35 0.006158
55 36 0.005769
55 37 0.005304
55 38 0.004787
55 39 0.004240
55 40 0.003686
55 41 0.003145
55 42 0.002633
55 43 0.002164
55 44 0.001745
55 45 0.001381
55 46 0.001072
55 47 0.000817
55 48 0.000611
55 49 0.000448
55 50 0.000323
55 51 0.000228
55 52 0.000158
55 53 0.000107
55 54 0.000072
55 55 0.000047
55 56 0.000030
55 57 0.000019
55 58 0.000012
55 59 0.000007
55 60 0.000004
55 61 0.000002
55 62 0.000001
55 63 0.000000

56 0 0.000000
56 1 0.000000
56 2 0.000001
56 3 0.000002
56 4 0.000003
56 5 0.000005
56 6 0.000008
56 7 0.000012
56 8 0.000019
56 9 0.000030
56 10 0.000046
56 11 0.000069
56 12 0.000102
56 13 0.000147
56 14 0.000208
56 15 0.000289
56 16 0.000393
56 17 0.000526
56 18 0.000691
56 19 0.000890
56 20 0.001125
56 21 0.001395
56 22 0.001698
56 23 0.002028
56 24 0.002378
56 25 0.002736
56 26 0.003089
56 27 0.003424
56 28 0.003724
56 29 0.003976
56 30 0.004166
56 31 0.004284
56 32 0.004324
56 33 0.004284
56 34 0.004166
56 35 0.003976
56 36 0.003724
56 37 0.003424
56 38 0.003089
56 39 0.002736
56 40 0.002378
56 41 0.002028
56 42 0.001698
56 43 0.001395
56 44 0.001125
56 45 0.000890
56 46 0.000691
56 47 0.000526
56 48 0.000393
56 49 0.000289
56 50 0.000208
56 51 0.000147
56 52 0.000102
56 53 0.000069
56 54 0.000046
56 55 0.000030
56 56 0.000019
56 57 0.000012
56 58 0.000008
56 59 0.000005
56 60 0.000003
56 61 0.000001
56 62 0.000001
56 63 0.000000

57 0 0.000000
57 1 0.000000
57 2 0.000001
57 3 0.000001
57 4 0.000002
57 5 0.000003
57 6 0.000005
57 7 0.000008
57 8 0.000012
57 9 0.000019
57 10 0.000029
57 11 0.000044
57 12 0.000064
57 13 0.000093
57 14 0.000131
57 15 0.000182
57 16 0.000248
57 17 0.000332
57 18 0.000436
57 19 0.000562
57 20 0.000711
57 21 0.000882
57 22 0.001074
57 23 0.001283
57 24 0.001505
57 25 0.001732
57 26 0.001956
57 27 0.002168
57 28 0.002358
57 29 0.002518
57 30 0.002638
57 31 0.002713
57 32 0.002739
57 33 0.002713
57 34 0.002638
57 35 0.002518
57 36 0.002358
57 37 0.002168
57 38 0.001956
57 39 0.001732
57 40 0.001505
57 41 0.001283
57 42 0.001074
57 43 0.000882
57 44 0.000711
57 45 0.000562
57 46 0.000436
57 47 0.000332
57 48 0.000248
57 49 0.000182
57 50 0.000131
57 51 0.000093
57 52 0.000064
57 53 0.000044
57 54 0.000029
57 55 0.000019
57 56 0.000012
57 57 0.000008
57 58 0.000005
57 59 0.000003
57 60 0.000002
57 61 0.000001
57 62 0.000000
57 63 0.000000

58 0 0.000000
58 1 0.000000
58 2 0.000000
58 3 0.000001
58 4 0.000001
58 5 0.000002
58 6 0.000003
58 7 0.000005
58 8 0.000008
58 9 0.000012
58 10 0.000018
58 11 0.000027
58 12 0.000040
58 13 0.000057
58 14 0.000081
58 15 0.000113
58 16 0.000154
58 17 0.000206
58 18 0.000271
58 19 0.000349
58 20 0.000441
58 21 0.000547
58 22 0.000667
58 23 0.000797
58 24 0.000934
58 25 0.001075
58 26 0.001215
58 27 0.001346
58 28 0.001465
58 29 0.001564
58 30 0.001639
58 31 0.001686
58 32 0.001702
58 33 0.001686
58 34 0.001639
58 35 0.001564
58 36 0.001465
58 37 0.001346
58 38 0.001215
58 39 0.001075
58 40 0.000934
58 41 0.000797
58 42 0.000667
58 43 0.000547
58 44 0.000441
58 45 0.000349
58 46 0.000271
58 47 0.000206
58 48 0.000154
58 49 0.000113
58 50 0.000081
58 51 0.000057
58 52 0.000040
58 53 0.000027
58 54 0.000018
58 55 0.000012
58 56 0.000008
58 57 0.000005
58 58 0.000003
58 59 0.000002
58 60 0.000001
58 61 0.000001
58 62 0.000000
58 63 0.000000

59 0 0.000000
59 1 0.000000
59 2 0.000000
59 3 0.000000
59 4 0.000001
59 5 0.000001
59 6 0.000002
59 7 0.000003
59 8 0.000005
59 9 0.000007
59 10 0.000011
59 11 0.000016
59 12 0.000024
59 13 0.000035
59 14 0.000049
59 15 0.000069
59 16 0.000093
59 17 0.000125
59 18 0.000164
59 19 0.000212
59 20 0.000268
59 21 0.000333
59 22 0.000406
59 23 0.000485
59 24 0.000569
59 25 0.000655
59 26 0.000740
59 27 0.000820
59 28 0.000892
59 29 0.000953
59 30 0.000999
59 31 0.001027
59 32 0.001037
59 33 0.001027
59 34 0.000999
59 35 0.000953
59 36 0.000892
59 37 0.000820
59 38 0.000740
59 39 0.000655
59 40 0.000569
59 41 0.000485
59 42 0.000406
59 43 0.000333
59 44 0.000268
59 45 0.000212
59 46 0.000164
59 47 0.000125
59 48 0.000093
59 49 0.000069
59 50 0.000049
59 51 0.000035
59 52 0.000024
59 53 0.000016
59 54 0.000011
59 55 0.000007
59 56 0.000005
59 57 0.000003
59 58 0.000002
59 59 0.000001
59 60 0.000001
59 61 0.000000
59 62 0.000000
59 63 0.000000

60 0 0.000000
60 1 0.000000
60 2 0.000000
60 3 0.000000
60 4 0.000000
60 5 0.000001
60 6 0.000001
60 7 0.000002
60 8 0.000003
60 9 0.000004
60 10 0.000006
60 11 0.000010
60 12 0.000014
60 13 0.000021
60 14 0.000029
60 15 0.000041
60 16 0.000055
60 17 0.000074
60 18 0.000098
60 19 0.000126
60 20 0.000159
60 21 0.000198
60 22 0.000241
60 23 0.000288
60 24 0.000338
60 25 0.000389
60 26 0.000440
60 27 0.000488
60 28 0.000531
60 29 0.000567
60 30 0.000594
60 31 0.000611
60 32 0.000617
60 33 0.000611
60 34 0.000594
60 35 0.000567
60 36 0.000531
60 37 0.000488
60 38 0.000440
60 39 0.000389
60 40 0.000338
60 41 0.000288
60 42 0.000241
60 43 0.000198
60 44 0.000159
60 45 0.000126
60 46 0.000098
60 47 0.000074
60 48 0.000055
60 49 0.000041
60 50 0.000029
60 51 0.000021
60 52 0.000014
60 53 0.000010
60 54 0.000006
60 55 0.000004
60 56 0.000003
60 57 0.000002
60 58 0.000001
60 59 0.000001
60 60 0.000000
60 61 0.000000
60 62 0.000000
60 63 0.000000

61 0 0.000000
61 1 0.000000
61 2 0.000000
61 3 0.000000
61 4 0.000000
61 5 0.000000
61 6 0.000001
61 7 0.000001
61 8 0.000001
61 9 0.000002
61 10 0.000004
61 11 0.000005
61 12 0.000008
61 13 0.000011
61 14 0.000016
61 15 0.000022
61 16 0.000031
61 17 0.000041
61 18 0.000054
61 19 0.000069
61 20 0.000088
61 21 0.000109
61 22 0.000132
61 23 0.000158
61 24 0.000185
61 25 0.000213
61 26 0.000241
61 27 0.000267
61 28 0.000291
61 29 0.000311
61 30 0.000326
61 31 0.000335
61 32 0.000338
61 33 0.000335
61 34 0.000326
61 35 0.000311
61 36 0.000291
61 37 0.000267
61 38 0.000241
61 39 0.000213
61 40 0.000185
61 41 0.000158
61 42 0.000132
61 43 0.000109
61 44 0.000088
61 45 0.000069
61 46 0.000054
61 47 0.000041
61 48 0.000031
61 49 0.000022
61 50 0.000016
61 51 0.000011
61 52 0.000008
61 53 0.000005
61 54 0.000004
61 55 0.000002
61 56 0.000001
61 57 0.000001
61 58 0.000001
61 59 0.000000
61 60 0.000000
61 61 0.000000
61 62 0.000000
61 63 0.000000

62 0 0.000000
62 1 0.000000
62 2 0.000000
62 3 0.000000
62 4 0.000000
62 5 0.000000
62 6 0.000000
62 7 0.000000
62 8 0.000001
62 9 0.000001
62 10 0.000001
62 11 0.000002
62 12 0.000003
62 13 0.000004
62 14 0.000006
62 15 0.000009
62 16 0.000012
62 17 0.000016
62 18 0.000021
62 19 0.000027
62 20 0.000034
62 21 0.000042
62 22 0.000051
62 23 0.000061
62 24 0.000071
62 25 0.000082
62 26 0.000092
62 27 0.000102
62 28 0.000111
62 29 0.000119
62 30 0.000124
62 31 0.000128
62 32 0.000129
62 33 0.000128
62 34 0.000124
62 35 0.000119
62 36 0.000111
62 37 0.000102
62 38 0.000092
62 39 0.000082
62 40 0.000071
62 41 0.000061
62 42 0.000051
62 43 0.000042
62 44 0.000034
62 45 0.000027
62 46 0.000021
62 47 0.000016
62 48 0.000012
62 49 0.000009
62 50 0.000006
62 51 0.000004
62 52 0.000003
62 53 0.000002
62 54 0.000001
62 55 0.000001
62 56 0.000001
62 57 0.000000
62 58 0.000000
62 59 0.000000
62 60 0.000000
62 61 0.000000
62 62 0.000000
62 63 0.000000

63 0 0.000000
63 1 0.000000
63 2 0.000000
63 3 0.000000
63 4 0.000000
63 5 0.000000
63 6 0.000000
63 7 0.000000
63 8 0.000000
63 9 0.000000
63 10 0.000000
63 11 0.000000
63 12 0.000000
63 13 0.000000
63 14 0.000000
63 15 0.000000
63 16 0.000000
63 17 0.000000
63 18 0.000000
63 19 0.000000
63 20 0.000000
63 21 0.000000
63 22 0.000000
63 23 0.000000
63 24 0.000000
63 25 0.000000
63 26 0.000000
63 27 0.000000
63 28 0.000000
63 29 0.000000
63 30 0.000000
63 31 0.000000
63 32 0.000000
63 33 0.000000
63 34 0.000000
63 35 0.000000
63 36 0.000000
63 37 0.000000
63 38 0.000000
63 39 0.000000
63 40 0.000000
63 41 0.000000
63 42 0.000000
63 43 0.000000
63 44 0.000000
63 45 0.000000
63 46 0.000000
63 47 0.000000
63 48 0.000000
63 49 0.000000
63 50 0.000000
63 51 0.000000
63 52 0.000000
63 53 0.000000
63 54 0.000000
63 55 0.000000
63 56 0.000000
63 57 0.000000
63 58 0.000000
63 59 0.000000
63 60 0.000000
63 61 0.000000
63 62 0.000000
63 63 0.000000

