0 0 0.000000
0 1 0.000000
0 2 0.000000
0 3 0.000000
0 4 0.000000
0 5 0.000000
0 6 0.000000
0 7 0.000000
0 8 0.000000
0 9 0.000000
0 10 0.000000
0 11 0.000000
0 12 0.000000
0 13 0.000000
0 14 0.000000
0 15 0.000000
0 16 0.000000
0 17 0.000000
0 18 0.000000
0 19 0.000000
0 20 0.000000
0 21 0.000000
0 22 0.000000
0 23 0.000000
0 24 0.000000
0 25 0.000000
0 26 0.000000
0 27 0.000000
0 28 0.000000
0 29 0.000000
0 30 0.000000
0 31 0.000000
0 32 0.000000
0 33 0.000000
0 34 0.000000
0 35 0.000000
0 36 0.000000
0 37 0.000000
0 38 0.000000
0 39 0.000000
0 40 0.000000
0 41 0.000000
0 42 0.000000
0 43 0.000000
0 44 0.000000
0 45 0.000000
0 46 0.000000
0 47 0.000000
0 48 0.000000
0 49 0.000000
0 50 0.000000
0 51 0.000000
0 52 0.000000
0 53 0.000000
0 54 0.000000
0 55 0.000000
0 56 0.000000
0 57 0.000000
0 58 0.000000
0 59 0.000000
0 60 0.000000
0 61 0.000000
0 62 0.000000
0 63 0.000000

1 0 0.000000
1 1 0.000000
1 2 0.000000
1 3 0.000000
1 4 0.000000
1 5 0.000001
1 6 0.000001
1 7 0.000002
1 8 0.000003
1 9 0.000004
1 10 0.000006
1 11 0.000008
1 12 0.000012
1 13 0.000016
1 14 0.000022
1 15 0.000030
1 16 0.000039
1 17 0.000051
1 18 0.000065
1 19 0.000082
1 20 0.000101
1 21 0.000122
1 22 0.000146
1 23 0.000171
1 24 0.000197
1 25 0.000223
1 26 0.000248
1 27 0.000272
1 28 0.000292
1 29 0.000310
1 30 0.000323
1 31 0.000331
1 32 0.000334
1 33 0.000331
1 34 0.000323
1 35 0.000310
1 36 0.000292
1 37 0.000272
1 38 0.000248
1 39 0.000223
1 40 0.000197
1 41 0.000171
1 42 0.000146
1 43 0.000122
1 44 0.000101
1 45 0.000082
1 46 0.000065
1 47 0.000051
1 48 0.000039
1 49 0.000030
1 50 0.000022
1 51 0.000016
1 52 0.000012
1 53 0.000008
1 54 0.000006
1 55 0.000004
1 56 0.000003
1 57 0.000002
1 58 0.000001
1 59 0.000001
1 60 0.000000
1 61 0.000000
1 62 0.000000
1 63 0.000000

2 0 0.000000
2 1 0.000000
2 2 0.000000
2 3 0.000001
2 4 0.000001
2 5 0.000002
2 6 0.000002
2 7 0.000004
2 8 0.000006
2 9 0.000009
2 10 0.000013
2 11 0.000018
2 12 0.000026
2 13 0.000036
2 14 0.000050
2 15 0.000067
2 16 0.000088
2 17 0.000114
2 18 0.000146
2 19 0.000183
2 20 0.000225
2 21 0.000273
2 22 0.000325
2 23 0.000380
2 24 0.000437
2 25 0.000495
2 26 0.000551
2 27 0.000603
2 28 0.000650
2 29 0.000688
2 30 0.000717
2 31 0.000735
2 32 0.000741
2 33 0.000735
2 34 0.000717
2 35 0.000688
2 36 0.000650
2 37 0.000603
2 38 0.000551
2 39 0.000495
2 40 0.000437
2 41 0.000380
2 42 0.000325
2 43 0.000273
2 44 0.000225
2 45 0.000183
2 46 0.000146
2 47 0.000114
2 48 0.000088
2 49 0.000067
2 50 0.000050
2 51 0.000036
2 52 0.000026
2 53 0.000018
2 54 0.000013
2 55 0.000009
2 56 0.000006
2 57 0.000004
2 58 0.000002
2 59 0.000002
2 60 0.000001
2 61 0.000001
2 62 0.000000
2 63 0.000000

3 0 0.000000
3 1 0.000000
3 2 0.000001
3 3 0.000001
3 4 0.000002
3 5 0.000003
3 6 0.000004
3 7 0.000007
3 8 0.000010
3 9 0.000015
3 10 0.000023
3 11 0.000033
3 12 0.000046
3 13 0.000065
3 14 0.000088
3 15 0.000118
3 16 0.000156
3 17 0.000202
3 18 0.000258
3 19 0.000322
3 20 0.000397
3 21 0.000480
3 22 0.000571
3 23 0.000667
3 24 0.000767
3 25 0.000868
3 26 0.000965
3 27 0.001056
3 28 0.001137
3 29 0.001203
3 30 0.001253
3 31 0.001284
3 32 0.001295
3 33 0.001284
3 34 0.001253
3 35 0.001203
3 36 0.001137
3 37 0.001056
3 38 0.000965
3 39 0.000868
3 40 0.000767
3 41 0.000667
3 42 0.000571
3 43 0.000480
3 44 0.000397
3 45 0.000322
3 46 0.000258
3 47 0.000202
3 48 0.000156
3 49 0.000118
3 50 0.000088
3 51 0.000065
3 52 0.000046
3 53 0.000033
3 54 0.000023
3 55 0.000015
3 56 0.000010
3 57 0.000007
3 58 0.000004
3 59 0.000003
3 60 0.000002
3 61 0.000001
3 62 0.000000
3 63 0.000000

4 0 0.000000
4 1 0.000000
4 2 0.000001
4 3 0.000002
4 4 0.000003
4 5 0.000005
4 6 0.000007
4 7 0.000011
4 8 0.000017
4 9 0.000026
4 10 0.000038
4 11 0.000055
4 12 0.000077
4 13 0.000107
4 14 0.000146
4 15 0.000196
4 16 0.000259
4 17 0.000335
4 18 0.000426
4 19 0.000533
4 20 0.000655
4 21 0.000791
4 22 0.000940
4 23 0.001098
4 24 0.001261
4 25 0.001425
4 26 0.001584
4 27 0.001732
4 28 0.001863
4 29 0.001972
4 30 0.002053
4 31 0.002104
4 32 0.002121
4 33 0.002104
4 34 0.002053
4 35 0.001972
4 36 0.001863
4 37 0.001732
4 38 0.001584
4 39 0.001425
4 40 0.001261
4 41 0.001098
4 42 0.000940
4 43 0.000791
4 44 0.000655
4 45 0.000533
4 46 0.000426
4 47 0.000335
4 48 0.000259
4 49 0.000196
4 50 0.000146
4 51 0.000107
4 52 0.000077
4 53 0.000055
4 54 0.000038
4 55 0.000026
4 56 0.000017
4 57 0.000011
4 58 0.000007
4 59 0.000005
4 60 0.000003
4 61 0.000002
4 62 0.000001
4 63 0.000000

5 0 0.000000
5 1 0.000001
5 2 0.000002
5 3 0.000003
5 4 0.000005
5 5 0.000008
5 6 0.000012
5 7 0.000018
5 8 0.000028
5 9 0.000042
5 10 0.000061
5 11 0.000088
5 12 0.000124
5 13 0.000172
5 14 0.000234
5 15 0.000313
5 16 0.000412
5 17 0.000533
5 18 0.000677
5 19 0.000846
5 20 0.001038
5 21 0.001253
5 22 0.001487
5 23 0.001736
5 24 0.001992
5 25 0.002249
5 26 0.002498
5 27 0.002730
5 28 0.002934
5 29 0.003104
5 30 0.003231
5 31 0.003310
5 32 0.003337
5 33 0.003310
5 34 0.003231
5 35 0.003104
5 36 0.002934
5 37 0.002730
5 38 0.002498
5 39 0.002249
5 40 0.001992
5 41 0.001736
5 42 0.001487
5 43 0.001253
5 44 0.001038
5 45 0.000846
5 46 0.000677
5 47 0.000533
5 48 0.000412
5 49 0.000313
5 50 0.000234
5 51 0.000172
5 52 0.000124
5 53 0.000088
5 54 0.000061
5 55 0.000042
5 56 0.000028
5 57 0.000018
5 58 0.000012
5 59 0.000007
5 60 0.000005
5 61 0.000003
5 62 0.000001
5 63 0.000000

6 0 0.000000
6 1 0.000001
6 2 0.000002
6 3 0.000004
6 4 0.000007
6 5 0.000012
6 6 0.000019
6 7 0.000029
6 8 0.000044
6 9 0.000065
6 10 0.000095
6 11 0.000137
6 12 0.000193
6 13 0.000268
6 14 0.000364
6 15 0.000487
6 16 0.000640
6 17 0.000826
6 18 0.001048
6 19 0.001306
6 20 0.001601
6 21 0.001930
6 22 0.002287
6 23 0.002665
6 24 0.003056
6 25 0.003446
6 26 0.003824
6 27 0.004175
6 28 0.004485
6 29 0.004742
6 30 0.004934
6 31 0.005053
6 32 0.005093
6 33 0.005053
6 34 0.004934
6 35 0.004742
6 36 0.004485
6 37 0.004175
6 38 0.003824
6 39 0.003446
6 40 0.003056
6 41 0.002665
6 42 0.002287
6 43 0.001930
6 44 0.001601
6 45 0.001306
6 46 0.001048
6 47 0.000826
6 48 0.000640
6 49 0.000487
6 50 0.000364
6 51 0.000268
6 52 0.000193
6 53 0.000137
6 54 0.000095
6 55 0.000065
6 56 0.000044
6 57 0.000029
6 58 0.000019
6 59 0.000012
6 60 0.000007
6 61 0.000004
6 62 0.000002
6 63 0.000000

7 0 0.000000
7 1 0.000002
7 2 0.000004
7 3 0.000007
7 4 0.000011
7 5 0.000018
7 6 0.000029
7 7 0.000045
7 8 0.000068
7 9 0.000100
7 10 0.000147
7 11 0.000210
7 12 0.000296
7 13 0.000409
7 14 0.000555
7 15 0.000741
7 16 0.000972
7 17 0.001252
7 18 0.001586
7 19 0.001974
7 20 0.002415
7 21 0.002906
7 22 0.003439
7 23 0.004003
7 24 0.004583
7 25 0.005162
7 26 0.005722
7 27 0.006241
7 28 0.006700
7 29 0.007079
7 30 0.007362
7 31 0.007537
7 32 0.007597
7 33 0.007537
7 34 0.007362
7 35 0.007079
7 36 0.006700
7 37 0.006241
7 38 0.005722
7 39 0.005162
7 40 0.004583
7 41 0.004003
7 42 0.003439
7 43 0.002906
7 44 0.002415
7 45 0.001974
7 46 0.001586
7 47 0.001252
7 48 0.000972
7 49 0.000741
7 50 0.000555
7 51 0.000409
7 52 0.000296
7 53 0.000210
7 54 0.000147
7 55 0.000100
7 56 0.000068
7 57 0.000045
7 58 0.000029
7 59 0.000018
7 60 0.000011
7 61 0.000006
7 62 0.000003
7 63 0.000000

8 0 0.000000
8 1 0.000003
8 2 0.000006
8 3 0.000010
8 4 0.000017
8 5 0.000028
8 6 0.000044
8 7 0.000068
8 8 0.000102
8 9 0.000152
8 10 0.000221
8 11 0.000316
8 12 0.000444
8 13 0.000613
8 14 0.000831
8 15 0.001106
8 16 0.001448
8 17 0.001862
8 18 0.002354
8 19 0.002924
8 20 0.003572
8 21 0.004291
8 22 0.005070
8 23 0.005892
8 24 0.006736
8 25 0.007577
8 26 0.008389
8 27 0.009140
8 28 0.009803
8 29 0.010351
8 30 0.010760
8 31 0.011013
8 32 0.011099
8 33 0.011013
8 34 0.010760
8 35 0.010351
8 36 0.009803
8 37 0.009140
8 38 0.008389
8 39 0.007577
8 40 0.006736
8 41 0.005892
8 42 0.005070
8 43 0.004291
8 44 0.003572
8 45 0.002924
8 46 0.002354
8 47 0.001862
8 48 0.001448
8 49 0.001106
8 50 0.000831
8 51 0.000613
8 52 0.000444
8 53 0.000316
8 54 0.000221
8 55 0.000152
8 56 0.000102
8 57 0.000068
8 58 0.000044
8 59 0.000028
8 60 0.000017
8 61 0.000009
8 62 0.000004
8 63 0.000000

9 0 0.000000
9 1 0.000004
9 2 0.000009
9 3 0.000015
9 4 0.000026
9 5 0.000042
9 6 0.000065
9 7 0.000100
9 8 0.000152
9 9 0.000224
9 10 0.000326
9 11 0.000466
9 12 0.000654
9 13 0.000901
9 14 0.001219
9 15 0.001620
9 16 0.002116
9 17 0.002717
9 18 0.003427
9 19 0.004250
9 20 0.005182
9 21 0.006214
9 22 0.007328
9 23 0.008502
9 24 0.009705
9 25 0.010903
9 26 0.012054
9 27 0.013120
9 28 0.014059
9 29 0.014833
9 30 0.015412
9 31 0.015769
9 32 0.015890
9 33 0.015769
9 34 0.015412
9 35 0.014833
9 36 0.014059
9 37 0.013120
9 38 0.012054
9 39 0.010903
9 40 0.009705
9 41 0.008502
9 42 0.007328
9 43 0.006214
9 44 0.005182
9 45 0.004250
9 46 0.003427
9 47 0.002717
9 48 0.002116
9 49 0.001620
9 50 0.001219
9 51 0.000901
9 52 0.000654
9 53 0.000466
9 54 0.000326
9 55 0.000224
9 56 0.000152
9 57 0.000100
9 58 0.000065
9 59 0.000041
9 60 0.000025
9 61 0.000014
9 62 0.000006
9 63 0.000000

10 0 0.000000
10 1 0.000006
10 2 0.000013
10 3 0.000023
10 4 0.000038
10 5 0.000061
10 6 0.000095
10 7 0.000147
10 8 0.000221
10 9 0.000326
10 10 0.000474
10 11 0.000676
10 12 0.000946
10 13 0.001300
10 14 0.001756
10 15 0.002329
10 16 0.003036
10 17 0.003889
10 18 0.004896
10 19 0.006060
10 20 0.007374
10 21 0.008825
10 22 0.010388
10 23 0.012031
10 24 0.013711
10 25 0.015378
10 26 0.016980
10 27 0.018459
10 28 0.019759
10 29 0.020831
10 30 0.021630
10 31 0.022124
10 32 0.022291
10 33 0.022124
10 34 0.021630
10 35 0.020831
10 36 0.019759
10 37 0.018459
10 38 0.016980
10 39 0.015378
10 40 0.013711
10 41 0.012031
10 42 0.010388
10 43 0.008825
10 44 0.007374
10 45 0.006060
10 46 0.004896
10 47 0.003889
10 48 0.003036
10 49 0.002329
10 50 0.001756
10 51 0.001300
10 52 0.000946
10 53 0.000676
10 54 0.000474
10 55 0.000326
10 56 0.000221
10 57 0.000147
10 58 0.000095
10 59 0.000060
10 60 0.000037
10 61 0.000021
10 62 0.000009
10 63 0.000000

11 0 0.000000
11 1 0.000008
11 2 0.000018
11 3 0.000033
11 4 0.000055
11 5 0.000088
11 6 0.000137
11 7 0.000210
11 8 0.000316
11 9 0.000466
11 10 0.000676
11 11 0.000961
11 12 0.001343
11 13 0.001842
11 14 0.002483
11 15 0.003287
11 16 0.004275
11 17 0.005464
11 18 0.006864
11 19 0.008477
11 20 0.010294
11 21 0.012293
11 22 0.014442
11 23 0.016694
11 24 0.018991
11 25 0.021266
11 26 0.023446
11 27 0.025454
11 28 0.027218
11 29 0.028669
11 30 0.029750
11 31 0.030417
11 32 0.030643
11 33 0.030417
11 34 0.029750
11 35 0.028669
11 36 0.027218
11 37 0.025454
11 38 0.023446
11 39 0.021266
11 40 0.018991
11 41 0.016694
11 42 0.014442
11 43 0.012293
11 44 0.010294
11 45 0.008477
11 46 0.006864
11 47 0.005464
11 48 0.004275
11 49 0.003287
11 50 0.002483
11 51 0.001842
11 52 0.001343
11 53 0.000961
11 54 0.000676
11 55 0.000466
11 56 0.000316
11 57 0.000210
11 58 0.000137
11 59 0.000087
11 60 0.000053
11 61 0.000030
11 62 0.000014
11 63 0.000000

12 0 0.000000
12 1 0.000012
12 2 0.000026
12 3 0.000046
12 4 0.000077
12 5 0.000124
12 6 0.000193
12 7 0.000296
12 8 0.000444
12 9 0.000654
12 10 0.000946
12 11 0.001343
12 12 0.001872
12 13 0.002563
12 14 0.003447
12 15 0.004552
12 16 0.005908
12 17 0.007534
12 18 0.009443
12 19 0.011636
12 20 0.014098
12 21 0.016800
12 22 0.019694
12 23 0.022719
12 24 0.025795
12 25 0.028833
12 26 0.031737
12 27 0.034406
12 28 0.036746
12 29 0.038668
12 30 0.040098
12 31 0.040980
12 32 0.041278
12 33 0.040980
12 34 0.040098
12 35 0.038668
12 36 0.036746
12 37 0.034406
12 38 0.031737
12 39 0.028833
12 40 0.025795
12 41 0.022719
12 42 0.019694
12 43 0.016800
12 44 0.014098
12 45 0.011636
12 46 0.009443
12 47 0.007534
12 48 0.005908
12 49 0.004552
12 50 0.003447
12 51 0.002563
12 52 0.001872
12 53 0.001343
12 54 0.000946
12 55 0.000654
12 56 0.000444
12 57 0.000296
12 58 0.000193
12 59 0.000122
12 60 0.000075
12 61 0.000042
12 62 0.000019
12 63 0.000000

13 0 0.000000
13 1 0.000016
13 2 0.000036
13 3 0.000065
13 4 0.000107
13 5 0.000172
13 6 0.000268
13 7 0.000409
13 8 0.000613
13 9 0.000901
13 10 0.001300
13 11 0.001842
13 12 0.002563
13 13 0.003502
13 14 0.004698
13 15 0.006191
13 16 0.008015
13 17 0.010197
13 18 0.012751
13 19 0.015674
13 20 0.018945
13 21 0.022523
13 22 0.026344
13 23 0.030323
13 24 0.034357
13 25 0.038330
13 26 0.042116
13 27 0.045588
13 28 0.048625
13 29 0.051114
13 30 0.052964
13 31 0.054103
13 32 0.054488
13 33 0.054103
13 34 0.052964
13 35 0.051114
13 36 0.048625
13 37 0.045588
13 38 0.042116
13 39 0.038330
13 40 0.034357
13 41 0.030323
13 42 0.026344
13 43 0.022523
13 44 0.018945
13 45 0.015674
13 46 0.012751
13 47 0.010197
13 48 0.008015
13 49 0.006191
13 50 0.004698
13 51 0.003502
13 52 0.002563
13 53 0.001842
13 54 0.001300
13 55 0.000901
13 56 0.000613
13 57 0.000409
13 58 0.000267
13 59 0.000170
13 60 0.000104
13 61 0.000059
13 62 0.000027
13 63 0.000000

14 0 0.000000
14 1 0.000022
14 2 0.000050
14 3 0.000088
14 4 0.000146
14 5 0.000234
14 6 0.000364
14 7 0.000555
14 8 0.000831
14 9 0.001219
14 10 0.001756
14 11 0.002483
14 12 0.003447
14 13 0.004698
14 14 0.006288
14 15 0.008267
14 16 0.010677
14 17 0.013551
14 18 0.016901
14 19 0.020723
14 20 0.024986
14 21 0.029631
14 22 0.034573
14 23 0.039701
14 24 0.044881
14 25 0.049966
14 26 0.054797
14 27 0.059215
14 28 0.063069
14 29 0.066222
14 30 0.068561
14 31 0.069999
14 32 0.070485
14 33 0.069999
14 34 0.068561
14 35 0.066222
14 36 0.063069
14 37 0.059215
14 38 0.054797
14 39 0.049966
14 40 0.044881
14 41 0.039701
14 42 0.034573
14 43 0.029631
14 44 0.024986
14 45 0.020723
14 46 0.016901
14 47 0.013551
14 48 0.010677
14 49 0.008267
14 50 0.006288
14 51 0.004698
14 52 0.003447
14 53 0.002483
14 54 0.001756
14 55 0.001219
14 56 0.000831
14 57 0.000555
14 58 0.000363
14 59 0.000231
14 60 0.000141
14 61 0.000081
14 62 0.000036
14 63 0.000000

15 0 0.000000
15 1 0.000030
15 2 0.000067
15 3 0.000118
15 4 0.000196
15 5 0.000313
15 6 0.000487
15 7 0.000741
15 8 0.001106
15 9 0.001620
15 10 0.002329
15 11 0.003287
15 12 0.004552
15 13 0.006191
15 14 0.008267
15 15 0.010842
15 16 0.013968
15 17 0.017681
15 18 0.021995
15 19 0.026898
15 20 0.032344
15 21 0.038256
15 22 0.044520
15 23 0.050995
15 24 0.057510
15 25 0.063881
15 26 0.069913
15 27 0.075410
15 28 0.080192
15 29 0.084095
15 30 0.086984
15 31 0.088759
15 32 0.089358
15 33 0.088759
15 34 0.086984
15 35 0.084095
15 36 0.080192
15 37 0.075410
15 38 0.069913
15 39 0.063881
15 40 0.057510
15 41 0.050995
15 42 0.044520
15 43 0.038256
15 44 0.032344
15 45 0.026898
15 46 0.021995
15 47 0.017681
15 48 0.013968
15 49 0.010842
15 50 0.008267
15 51 0.006191
15 52 0.004552
15 53 0.003287
15 54 0.002329
15 55 0.001620
15 56 0.001106
15 57 0.000741
15 58 0.000486
15 59 0.000310
15 60 0.000189
15 61 0.000108
15 62 0.000049
15 63 0.000000

16 0 0.000000
16 1 0.000039
16 2 0.000088
16 3 0.000156
16 4 0.000259
16 5 0.000412
16 6 0.000640
16 7 0.000972
16 8 0.001448
16 9 0.002116
16 10 0.003036
16 11 0.004275
16 12 0.005908
16 13 0.008015
16 14 0.010677
16 15 0.013968
16 16 0.017949
16 17 0.022659
16 18 0.028111
16 19 0.034281
16 20 0.041107
16 21 0.048483
16 22 0.056266
16 23 0.064275
16 24 0.072299
16 25 0.080112
16 26 0.087479
16 27 0.094169
16 28 0.099968
16 29 0.104688
16 30 0.108175
16 31 0.110314
16 32 0.111035
16 33 0.110314
16 34 0.108175
16 35 0.104688
16 36 0.099968
16 37 0.094169
16 38 0.087479
16 39 0.080112
16 40 0.072299
16 41 0.064275
16 42 0.056266
16 43 0.048483
16 44 0.041107
16 45 0.034281
16 46 0.028111
16 47 0.022659
16 48 0.017949
16 49 0.013968
16 50 0.010677
16 51 0.008015
16 52 0.005908
16 53 0.004275
16 54 0.003036
16 55 0.002116
16 56 0.001448
16 57 0.000971
16 58 0.000638
16 59 0.000407
16 60 0.000249
16 61 0.000143
16 62 0.000065
16 63 0.000000

17 0 0.000000
17 1 0.000051
17 2 0.000114
17 3 0.000202
17 4 0.000335
17 5 0.000533
17 6 0.000826
17 7 0.001252
17 8 0.001862
17 9 0.002717
17 10 0.003889
17 11 0.005464
17 12 0.007534
17 13 0.010197
17 14 0.013551
17 15 0.017681
17 16 0.022659
17 17 0.028526
17 18 0.035289
17 19 0.042910
17 20 0.051303
17 21 0.060330
17 22 0.069809
17 23 0.079514
17 24 0.089192
17 25 0.098570
17 26 0.107371
17 27 0.115331
17 28 0.122204
17 29 0.127780
17 30 0.131888
17 31 0.134404
17 32 0.135251
17 33 0.134404
17 34 0.131888
17 35 0.127780
17 36 0.122204
17 37 0.115331
17 38 0.107371
17 39 0.098570
17 40 0.089192
17 41 0.079514
17 42 0.069809
17 43 0.060330
17 44 0.051303
17 45 0.042910
17 46 0.035289
17 47 0.028526
17 48 0.022659
17 49 0.017681
17 50 0.013551
17 51 0.010197
17 52 0.007534
17 53 0.005464
17 54 0.003889
17 55 0.002717
17 56 0.001862
17 57 0.001251
17 58 0.000823
17 59 0.000526
17 60 0.000323
17 61 0.000185
17 62 0.000084
17 63 0.000000

18 0 0.000000
18 1 0.000065
18 2 0.000146
18 3 0.000258
18 4 0.000426
18 5 0.000677
18 6 0.001048
18 7 0.001586
18 8 0.002354
18 9 0.003427
18 10 0.004896
18 11 0.006864
18 12 0.009443
18 13 0.012751
18 14 0.016901
18 15 0.021995
18 16 0.028111
18 17 0.035289
18 18 0.043528
18 19 0.052768
18 20 0.062894
18 21 0.073731
18 22 0.085049
18 23 0.096576
18 24 0.108007
18 25 0.119024
18 26 0.129310
18 27 0.138566
18 28 0.146524
18 29 0.152955
18 30 0.157679
18 31 0.160566
18 32 0.161537
18 33 0.160566
18 34 0.157679
18 35 0.152955
18 36 0.146524
18 37 0.138566
18 38 0.129310
18 39 0.119024
18 40 0.108007
18 41 0.096576
18 42 0.085049
18 43 0.073731
18 44 0.062894
18 45 0.052768
18 46 0.043528
18 47 0.035289
18 48 0.028111
18 49 0.021995
18 50 0.016901
18 51 0.012751
18 52 0.009443
18 53 0.006864
18 54 0.004896
18 55 0.003427
18 56 0.002353
18 57 0.001585
18 58 0.001044
18 59 0.000668
18 60 0.000410
18 61 0.000236
18 62 0.000107
18 63 0.000000

19 0 0.000000
19 1 0.000082
19 2 0.000183
19 3 0.000322
19 4 0.000533
19 5 0.000846
19 6 0.001306
19 7 0.001974
19 8 0.002924
19 9 0.004250
19 10 0.006060
19 11 0.008477
19 12 0.011636
19 13 0.015674
19 14 0.020723
19 15 0.026898
19 16 0.034281
19 17 0.042910
19 18 0.052768
19 19 0.063770
19 20 0.075764
19 21 0.088529
19 22 0.101784
19 23 0.115203
19 24 0.128430
19 25 0.141099
19 26 0.152857
19 27 0.163377
19 28 0.172375
19 29 0.179614
19 30 0.184912
19 31 0.188141
19 32 0.189226
19 33 0.188141
19 34 0.184912
19 35 0.179614
19 36 0.172375
19 37 0.163377
19 38 0.152857
19 39 0.141099
19 40 0.128430
19 41 0.115203
19 42 0.101784
19 43 0.088529
19 44 0.075764
19 45 0.063770
19 46 0.052768
19 47 0.042910
19 48 0.034281
19 49 0.026898
19 50 0.020723
19 51 0.015674
19 52 0.011636
19 53 0.008477
19 54 0.006060
19 55 0.004250
19 56 0.002924
19 57 0.001973
19 58 0.001302
19 59 0.000834
19 60 0.000513
19 61 0.000295
19 62 0.000133
19 63 0.000000

20 0 0.000000
20 1 0.000101
20 2 0.000225
20 3 0.000397
20 4 0.000655
20 5 0.001038
20 6 0.001601
20 7 0.002415
20 8 0.003572
20 9 0.005182
20 10 0.007374
20 11 0.010294
20 12 0.014098
20 13 0.018945
20 14 0.024986
20 15 0.032344
20 16 0.041107
20 17 0.051303
20 18 0.062894
20 19 0.075764
20 20 0.089716
20 21 0.104477
20 22 0.119708
20 23 0.135026
20 24 0.150021
20 25 0.164285
20 26 0.177432
20 27 0.189118
20 28 0.199050
20 29 0.206999
20 30 0.212792
20 31 0.216312
20 32 0.217493
20 33 0.216312
20 34 0.212792
20 35 0.206999
20 36 0.199050
20 37 0.189118
20 38 0.177432
20 39 0.164285
20 40 0.150021
20 41 0.135026
20 42 0.119708
20 43 0.104477
20 44 0.089716
20 45 0.075764
20 46 0.062894
20 47 0.051303
20 48 0.041107
20 49 0.032344
20 50 0.024986
20 51 0.018945
20 52 0.014098
20 53 0.010294
20 54 0.007374
20 55 0.005182
20 56 0.003572
20 57 0.002414
20 58 0.001595
20 59 0.001023
20 60 0.000630
20 61 0.000363
20 62 0.000164
20 63 0.000000

21 0 0.000000
21 1 0.000122
21 2 0.000273
21 3 0.000480
21 4 0.000791
21 5 0.001253
21 6 0.001930
21 7 0.002906
21 8 0.004291
21 9 0.006214
21 10 0.008825
21 11 0.012293
21 12 0.016800
21 13 0.022523
21 14 0.029631
21 15 0.038256
21 16 0.048483
21 17 0.060330
21 18 0.073731
21 19 0.088529
21 20 0.104477
21 21 0.121241
21 22 0.138423
21 23 0.155576
21 24 0.172241
21 25 0.187969
21 26 0.202351
21 27 0.215036
21 28 0.225741
21 29 0.234253
21 30 0.240424
21 31 0.244160
21 32 0.245411
21 33 0.244160
21 34 0.240424
21 35 0.234253
21 36 0.225741
21 37 0.215036
21 38 0.202351
21 39 0.187969
21 40 0.172241
21 41 0.155576
21 42 0.138423
21 43 0.121241
21 44 0.104477
21 45 0.088529
21 46 0.073731
21 47 0.060330
21 48 0.048483
21 49 0.038256
21 50 0.029631
21 51 0.022523
21 52 0.016800
21 53 0.012293
21 54 0.008825
21 55 0.006214
21 56 0.004291
21 57 0.002905
21 58 0.001923
21 59 0.001235
21 60 0.000761
21 61 0.000439
21 62 0.000199
21 63 0.000000

22 0 0.000000
22 1 0.000146
22 2 0.000325
22 3 0.000571
22 4 0.000940
22 5 0.001487
22 6 0.002287
22 7 0.003439
22 8 0.005070
22 9 0.007328
22 10 0.010388
22 11 0.014442
22 12 0.019694
22 13 0.026344
22 14 0.034573
22 15 0.044520
22 16 0.056266
22 17 0.069809
22 18 0.085049
22 19 0.101784
22 20 0.119708
22 21 0.138423
22 22 0.157462
22 23 0.176319
22 24 0.194485
22 25 0.211478
22 26 0.226878
22 27 0.240338
22 28 0.251600
22 29 0.260486
22 30 0.266887
22 31 0.270745
22 32 0.272034
22 33 0.270745
22 34 0.266887
22 35 0.260486
22 36 0.251600
22 37 0.240338
22 38 0.226878
22 39 0.211478
22 40 0.194485
22 41 0.176319
22 42 0.157462
22 43 0.138423
22 44 0.119708
22 45 0.101784
22 46 0.085049
22 47 0.069809
22 48 0.056266
22 49 0.044520
22 50 0.034573
22 51 0.026344
22 52 0.019694
22 53 0.014442
22 54 0.010388
22 55 0.007328
22 56 0.005069
22 57 0.003437
22 58 0.002278
22 59 0.001465
22 60 0.000904
22 61 0.000522
22 62 0.000237
22 63 0.000000

23 0 0.000000
23 1 0.000171
23 2 0.000380
23 3 0.000667
23 4 0.001098
23 5 0.001736
23 6 0.002665
23 7 0.004003
23 8 0.005892
23 9 0.008502
23 10 0.012031
23 11 0.016694
23 12 0.022719
23 13 0.030323
23 14 0.039701
23 15 0.050995
23 16 0.064275
23 17 0.079514
23 18 0.096576
23 19 0.115203
23 20 0.135026
23 21 0.155576
23 22 0.176319
23 23 0.196688
23 24 0.216128
23 25 0.234135
23 26 0.250283
23 27 0.264251
23 28 0.275820
23 29 0.284863
23 30 0.291327
23 31 0.295201
23 32 0.296490
23 33 0.295201
23 34 0.291327
23 35 0.284863
23 36 0.275820
23 37 0.264251
23 38 0.250283
23 39 0.234135
23 40 0.216128
23 41 0.196688
23 42 0.176319
23 43 0.155576
23 44 0.135026
23 45 0.115203
23 46 0.096576
23 47 0.079514
23 48 0.064275
23 49 0.050995
23 50 0.039701
23 51 0.030323
23 52 0.022719
23 53 0.016694
23 54 0.012031
23 55 0.008502
23 56 0.005891
23 57 0.004000
23 58 0.002655
23 59 0.001709
23 60 0.001056
23 61 0.000610
23 62 0.000277
23 63 0.000000

24 0 0.000000
24 1 0.000197
24 2 0.000437
24 3 0.000767
24 4 0.001261
24 5 0.001992
24 6 0.003056
24 7 0.004583
24 8 0.006736
24 9 0.009705
24 10 0.013711
24 11 0.018991
24 12 0.025795
24 13 0.034357
24 14 0.044881
24 15 0.057510
24 16 0.072299
24 17 0.089192
24 18 0.108007
24 19 0.128430
24 20 0.150021
24 21 0.172241
24 22 0.194485
24 23 0.216128
24 24 0.236577
24 25 0.255310
24 26 0.271914
24 27 0.286102
24 28 0.297712
24 29 0.306686
24 30 0.313039
24 31 0.316819
24 32 0.318073
24 33 0.316819
24 34 0.313039
24 35 0.306686
24 36 0.297712
24 37 0.286102
24 38 0.271914
24 39 0.255310
24 40 0.236577
24 41 0.216128
24 42 0.194485
24 43 0.172241
24 44 0.150021
24 45 0.128430
24 46 0.108007
24 47 0.089192
24 48 0.072299
24 49 0.057510
24 50 0.044881
24 51 0.034357
24 52 0.025795
24 53 0.018991
24 54 0.013711
24 55 0.009705
24 56 0.006735
24 57 0.004580
24 58 0.003044
24 59 0.001961
24 60 0.001212
24 61 0.000702
24 62 0.000318
24 63 0.000000

25 0 0.000000
25 1 0.000223
25 2 0.000495
25 3 0.000868
25 4 0.001425
25 5 0.002249
25 6 0.003446
25 7 0.005162
25 8 0.007577
25 9 0.010903
25 10 0.015378
25 11 0.021266
25 12 0.028833
25 13 0.038330
25 14 0.049966
25 15 0.063881
25 16 0.080112
25 17 0.098570
25 18 0.119024
25 19 0.141099
25 20 0.164285
25 21 0.187969
25 22 0.211478
25 23 0.234135
25 24 0.255310
25 25 0.274476
25 26 0.291243
25 27 0.305372
25 28 0.316770
25 29 0.325461
25 30 0.331540
25 31 0.335125
25 32 0.336309
25 33 0.335125
25 34 0.331540
25 35 0.325461
25 36 0.316770
25 37 0.305372
25 38 0.291243
25 39 0.274476
25 40 0.255310
25 41 0.234135
25 42 0.211478
25 43 0.187969
25 44 0.164285
25 45 0.141099
25 46 0.119024
25 47 0.098570
25 48 0.080112
25 49 0.063881
25 50 0.049966
25 51 0.038330
25 52 0.028833
25 53 0.021266
25 54 0.015378
25 55 0.010902
25 56 0.007577
25 57 0.005159
25 58 0.003433
25 59 0.002214
25 60 0.001370
25 61 0.000793
25 62 0.000360
25 63 0.000000

26 0 0.000000
26 1 0.000248
26 2 0.000551
26 3 0.000965
26 4 0.001584
26 5 0.002498
26 6 0.003824
26 7 0.005722
26 8 0.008389
26 9 0.012054
26 10 0.016980
26 11 0.023446
26 12 0.031737
26 13 0.042116
26 14 0.054797
26 15 0.069913
26 16 0.087479
26 17 0.107371
26 18 0.129310
26 19 0.152857
26 20 0.177432
26 21 0.202351
26 22 0.226878
26 23 0.250283
26 24 0.271914
26 25 0.291243
26 26 0.307910
26 27 0.321737
26 28 0.332708
26 29 0.340939
26 30 0.346612
26 31 0.349921
26 32 0.351006
26 33 0.349921
26 34 0.346612
26 35 0.340939
26 36 0.332708
26 37 0.321737
26 38 0.307910
26 39 0.291243
26 40 0.271914
26 41 0.250283
26 42 0.226878
26 43 0.202351
26 44 0.177432
26 45 0.152857
26 46 0.129310
26 47 0.107371
26 48 0.087479
26 49 0.069913
26 50 0.054797
26 51 0.042116
26 52 0.031737
26 53 0.023446
26 54 0.016980
26 55 0.012054
26 56 0.008388
26 57 0.005718
26 58 0.003808
26 59 0.002458
26 60 0.001522
26 61 0.000882
26 62 0.000401
26 63 0.000000

27 0 0.000000
27 1 0.000272
27 2 0.000603
27 3 0.001056
27 4 0.001732
27 5 0.002730
27 6 0.004175
27 7 0.006241
27 8 0.009140
27 9 0.013120
27 10 0.018459
27 11 0.025454
27 12 0.034406
27 13 0.045588
27 14 0.059215
27 15 0.075410
27 16 0.094169
27 17 0.115331
27 18 0.138566
27 19 0.163377
27 20 0.189118
27 21 0.215036
27 22 0.240338
27 23 0.264251
27 24 0.286102
27 25 0.305372
27 26 0.321737
27 27 0.335081
27 28 0.345475
27 29 0.353124
27 30 0.358304
27 31 0.361282
27 32 0.362252
27 33 0.361282
27 34 0.358304
27 35 0.353124
27 36 0.345475
27 37 0.335081
27 38 0.321737
27 39 0.305372
27 40 0.286102
27 41 0.264251
27 42 0.240338
27 43 0.215036
27 44 0.189118
27 45 0.163377
27 46 0.138566
27 47 0.115331
27 48 0.094169
27 49 0.075410
27 50 0.059215
27 51 0.045588
27 52 0.034406
27 53 0.025454
27 54 0.018459
27 55 0.013120
27 56 0.009140
27 57 0.006237
27 58 0.004157
27 59 0.002685
27 60 0.001664
27 61 0.000965
27 62 0.000439
27 63 0.000000

28 0 0.000000
28 1 0.000292
28 2 0.000650
28 3 0.001137
28 4 0.001863
28 5 0.002934
28 6 0.004485
28 7 0.006700
28 8 0.009803
28 9 0.014059
28 10 0.019759
28 11 0.027218
28 12 0.036746
28 13 0.048625
28 14 0.063069
28 15 0.080192
28 16 0.099968
28 17 0.122204
28 18 0.146524
28 19 0.172375
28 20 0.199050
28 21 0.225741
28 22 0.251600
28 23 0.275820
28 24 0.297712
28 25 0.316770
28 26 0.332708
28 27 0.345475
28 28 0.355219
28 29 0.362238
28 30 0.366894
28 31 0.369525
28 32 0.370374
28 33 0.369525
28 34 0.366894
28 35 0.362238
28 36 0.355219
28 37 0.345475
28 38 0.332708
28 39 0.316770
28 40 0.297712
28 41 0.275820
28 42 0.251600
28 43 0.225741
28 44 0.199050
28 45 0.172375
28 46 0.146524
28 47 0.122204
28 48 0.099968
28 49 0.080192
28 50 0.063069
28 51 0.048625
28 52 0.036746
28 53 0.027218
28 54 0.019759
28 55 0.014059
28 56 0.009803
28 57 0.006695
28 58 0.004466
28 59 0.002886
28 60 0.001789
28 61 0.001039
28 62 0.000472
28 63 0.000000

29 0 0.000000
29 1 0.000310
29 2 0.000688
29 3 0.001203
29 4 0.001972
29 5 0.003104
29 6 0.004742
29 7 0.007079
29 8 0.010351
29 9 0.014833
29 10 0.020831
29 11 0.028669
29 12 0.038668
29 13 0.051114
29 14 0.066222
29 15 0.084095
29 16 0.104688
29 17 0.127780
29 18 0.152955
29 19 0.179614
29 20 0.206999
29 21 0.234253
29 22 0.260486
29 23 0.284863
29 24 0.306686
29 25 0.325461
29 26 0.340939
29 27 0.353124
29 28 0.362238
29 29 0.368657
29 30 0.372819
29 31 0.375127
29 32 0.375862
29 33 0.375127
29 34 0.372819
29 35 0.368657
29 36 0.362238
29 37 0.353124
29 38 0.340939
29 39 0.325461
29 40 0.306686
29 41 0.284863
29 42 0.260486
29 43 0.234253
29 44 0.206999
29 45 0.179614
29 46 0.152955
29 47 0.127780
29 48 0.104688
29 49 0.084095
29 50 0.066222
29 51 0.051114
29 52 0.038668
29 53 0.028669
29 54 0.020831
29 55 0.014833
29 56 0.010350
29 57 0.007074
29 58 0.004722
29 59 0.003053
29 60 0.001893
29 61 0.001100
29 62 0.000500
29 63 0.000000

30 0 0.000000
30 1 0.000323
30 2 0.000717
30 3 0.001253
30 4 0.002053
30 5 0.003231
30 6 0.004934
30 7 0.007362
30 8 0.010760
30 9 0.015412
30 10 0.021630
30 11 0.029750
30 12 0.040098
30 13 0.052964
30 14 0.068561
30 15 0.086984
30 16 0.108175
30 17 0.131888
30 18 0.157679
30 19 0.184912
30 20 0.212792
30 21 0.240424
30 22 0.266887
30 23 0.291327
30 24 0.313039
30 25 0.331540
30 26 0.346612
30 27 0.358304
30 28 0.366894
30 29 0.372819
30 30 0.376578
30 31 0.378621
30 32 0.379265
30 33 0.378621
30 34 0.376578
30 35 0.372819
30 36 0.366894
30 37 0.358304
30 38 0.346612
30 39 0.331540
30 40 0.313039
30 41 0.291327
30 42 0.266887
30 43 0.240424
30 44 0.212792
30 45 0.184912
30 46 0.157679
30 47 0.131888
30 48 0.108175
30 49 0.086984
30 50 0.068561
30 51 0.052964
30 52 0.040098
30 53 0.029750
30 54 0.021630
30 55 0.015411
30 56 0.010760
30 57 0.007357
30 58 0.004913
30 59 0.003178
30 60 0.001971
30 61 0.001146
30 62 0.000521
30 63 0.000000

31 0 0.000000
31 1 0.000331
31 2 0.000735
31 3 0.001284
31 4 0.002104
31 5 0.003310
31 6 0.005053
31 7 0.007537
31 8 0.011013
31 9 0.015769
31 10 0.022124
31 11 0.030417
31 12 0.040980
31 13 0.054103
31 14 0.069999
31 15 0.088759
31 16 0.110314
31 17 0.134404
31 18 0.160566
31 19 0.188141
31 20 0.216312
31 21 0.244160
31 22 0.270745
31 23 0.295201
31 24 0.316819
31 25 0.335125
31 26 0.349921
31 27 0.361282
31 28 0.369525
31 29 0.375127
31 30 0.378621
31 31 0.380493
31 32 0.381077
31 33 0.380493
31 34 0.378621
31 35 0.375127
31 36 0.369525
31 37 0.361282
31 38 0.349921
31 39 0.335125
31 40 0.316819
31 41 0.295201
31 42 0.270745
31 43 0.244160
31 44 0.216312
31 45 0.188141
31 46 0.160566
31 47 0.134404
31 48 0.110314
31 49 0.088759
31 50 0.069999
31 51 0.054103
31 52 0.040980
31 53 0.030417
31 54 0.022124
31 55 0.015769
31 56 0.011013
31 57 0.007532
31 58 0.005031
31 59 0.003255
31 60 0.002019
31 61 0.001174
31 62 0.000534
31 63 0.000000

32 0 0.000000
32 1 0.000334
32 2 0.000741
32 3 0.001295
32 4 0.002121
32 5 0.003337
32 6 0.005093
32 7 0.007597
32 8 0.011099
32 9 0.015890
32 10 0.022291
32 11 0.030643
32 12 0.041278
32 13 0.054488
32 14 0.070485
32 15 0.089358
32 16 0.111035
32 17 0.135251
32 18 0.161537
32 19 0.189226
32 20 0.217493
32 21 0.245411
32 22 0.272034
32 23 0.296490
32 24 0.318073
32 25 0.336309
32 26 0.351006
32 27 0.362252
32 28 0.370374
32 29 0.375862
32 30 0.379265
32 31 0.381077
32 32 0.381640
32 33 0.381077
32 34 0.379265
32 35 0.375862
32 36 0.370374
32 37 0.362252
32 38 0.351006
32 39 0.336309
32 40 0.318073
32 41 0.296490
32 42 0.272034
32 43 0.245411
32 44 0.217493
32 45 0.189226
32 46 0.161537
32 47 0.135251
32 48 0.111035
32 49 0.089358
32 50 0.070485
32 51 0.054488
32 52 0.041278
32 53 0.030643
32 54 0.022291
32 55 0.015889
32 56 0.011098
32 57 0.007592
32 58 0.005071
32 59 0.003281
32 60 0.002036
32 61 0.001184
32 62 0.000538
32 63 0.000000

33 0 0.000000
33 1 0.000331
33 2 0.000735
33 3 0.001284
33 4 0.002104
33 5 0.003310
33 6 0.005053
33 7 0.007537
33 8 0.011013
33 9 0.015769
33 10 0.022124
33 11 0.030417
33 12 0.040980
33 13 0.054103
33 14 0.069999
33 15 0.088759
33 16 0.110314
33 17 0.134404
33 18 0.160566
33 19 0.188141
33 20 0.216312
33 21 0.244160
33 22 0.270745
33 23 0.295201
33 24 0.316819
33 25 0.335125
33 26 0.349921
33 27 0.361282
33 28 0.369525
33 29 0.375127
33 30 0.378621
33 31 0.380493
33 32 0.381077
33 33 0.380493
33 34 0.378621
33 35 0.375127
33 36 0.369525
33 37 0.361282
33 38 0.349921
33 39 0.335125
33 40 0.316819
33 41 0.295201
33 42 0.270745
33 43 0.244160
33 44 0.216312
33 45 0.188141
33 46 0.160566
33 47 0.134404
33 48 0.110314
33 49 0.088759
33 50 0.069999
33 51 0.054103
33 52 0.040980
33 53 0.030417
33 54 0.022124
33 55 0.015769
33 56 0.011013
33 57 0.007532
33 58 0.005031
33 59 0.003255
33 60 0.002019
33 61 0.001174
33 62 0.000534
33 63 0.000000

34 0 0.000000
34 1 0.000323
34 2 0.000717
34 3 0.001253
34 4 0.002053
34 5 0.003231
34 6 0.004934
34 7 0.007362
34 8 0.010760
34 9 0.015412
34 10 0.021630
34 11 0.029750
34 12 0.040098
34 13 0.052964
34 14 0.068561
34 15 0.086984
34 16 0.108175
34 17 0.131888
34 18 0.157679
34 19 0.184912
34 20 0.212792
34 21 0.240424
34 22 0.266887
34 23 0.291327
34 24 0.313039
34 25 0.331540
34 26 0.346612
34 27 0.358304
34 28 0.366894
34 29 0.372819
34 30 0.376578
34 31 0.378621
34 32 0.379265
34 33 0.378621
34 34 0.376578
34 35 0.372819
34 36 0.366894
34 37 0.358304
34 38 0.346612
34 39 0.331540
34 40 0.313039
34 41 0.291327
34 42 0.266887
34 43 0.240424
34 44 0.212792
34 45 0.184912
34 46 0.157679
34 47 0.131888
34 48 0.108175
34 49 0.086984
34 50 0.068561
34 51 0.052964
34 52 0.040098
34 53 0.029750
34 54 0.021630
34 55 0.015411
34 56 0.010760
34 57 0.007357
34 58 0.004913
34 59 0.003178
34 60 0.001971
34 61 0.001146
34 62 0.000521
34 63 0.000000

35 0 0.000000
35 1 0.000310
35 2 0.000688
35 3 0.001203
35 4 0.001972
35 5 0.003104
35 6 0.004742
35 7 0.007079
35 8 0.010351
35 9 0.014833
35 10 0.020831
35 11 0.028669
35 12 0.038668
35 13 0.051114
35 14 0.066222
35 15 0.084095
35 16 0.104688
35 17 0.127780
35 18 0.152955
35 19 0.179614
35 20 0.206999
35 21 0.234253
35 22 0.260486
35 23 0.284863
35 24 0.306686
35 25 0.325461
35 26 0.340939
35 27 0.353124
35 28 0.362238
35 29 0.368657
35 30 0.372819
35 31 0.375127
35 32 0.375862
35 33 0.375127
35 34 0.372819
35 35 0.368657
35 36 0.362238
35 37 0.353124
35 38 0.340939
35 39 0.325461
35 40 0.306686
35 41 0.284863
35 42 0.260486
35 43 0.234253
35 44 0.206999
35 45 0.179614
35 46 0.152955
35 47 0.127780
35 48 0.104688
35 49 0.084095
35 50 0.066222
35 51 0.051114
35 52 0.038668
35 53 0.028669
35 54 0.020831
35 55 0.014833
35 56 0.010350
35 57 0.007074
35 58 0.004722
35 59 0.003053
35 60 0.001893
35 61 0.001100
35 62 0.000500
35 63 0.000000

36 0 0.000000
36 1 0.000292
36 2 0.000650
36 3 0.001137
36 4 0.001863
36 5 0.002934
36 6 0.004485
36 7 0.006700
36 8 0.009803
36 9 0.014059
36 10 0.019759
36 11 0.027218
36 12 0.036746
36 13 0.048625
36 14 0.063069
36 15 0.080192
36 16 0.099968
36 17 0.122204
36 18 0.146524
36 19 0.172375
36 20 0.199050
36 21 0.225741
36 22 0.251600
36 23 0.275820
36 24 0.297712
36 25 0.316770
36 26 0.332708
36 27 0.345475
36 28 0.355219
36 29 0.362238
36 30 0.366894
36 31 0.369525
36 32 0.370374
36 33 0.369525
36 34 0.366894
36 35 0.362238
36 36 0.355219
36 37 0.345475
36 38 0.332708
36 39 0.316770
36 40 0.297712
36 41 0.275820
36 42 0.251600
36 43 0.225741
36 44 0.199050
36 45 0.172375
36 46 0.146524
36 47 0.122204
36 48 0.099968
36 49 0.080192
36 50 0.063069
36 51 0.048625
36 52 0.036746
36 53 0.027218
36 54 0.019759
36 55 0.014059
36 56 0.009803
36 57 0.006695
36 58 0.004466
36 59 0.002886
36 60 0.001789
36 61 0.001039
36 62 0.000472
36 63 0.000000

37 0 0.000000
37 1 0.000272
37 2 0.000603
37 3 0.001056
37 4 0.001732
37 5 0.002730
37 6 0.004175
37 7 0.006241
37 8 0.009140
37 9 0.013120
37 10 0.018459
37 11 0.025454
37 12 0.034406
37 13 0.045588
37 14 0.059215
37 15 0.075410
37 16 0.094169
37 17 0.115331
37 18 0.138566
37 19 0.163377
37 20 0.189118
37 21 0.215036
37 22 0.240338
37 23 0.264251
37 24 0.286102
37 25 0.305372
37 26 0.321737
37 27 0.335081
37 28 0.345475
37 29 0.353124
37 30 0.358304
37 31 0.361282
37 32 0.362252
37 33 0.361282
37 34 0.358304
37 35 0.353124
37 36 0.345475
37 37 0.335081
37 38 0.321737
37 39 0.305372
37 40 0.286102
37 41 0.264251
37 42 0.240338
37 43 0.215036
37 44 0.189118
37 45 0.163377
37 46 0.138566
37 47 0.115331
37 48 0.094169
37 49 0.075410
37 50 0.059215
37 51 0.045588
37 52 0.034406
37 53 0.025454
37 54 0.018459
37 55 0.013120
37 56 0.009140
37 57 0.006237
37 58 0.004157
37 59 0.002685
37 60 0.001664
37 61 0.000965
37 62 0.000439
37 63 0.000000

38 0 0.000000
38 1 0.000248
38 2 0.000551
38 3 0.000965
38 4 0.001584
38 5 0.002498
38 6 0.003824
38 7 0.005722
38 8 0.008389
38 9 0.012054
38 10 0.016980
38 11 0.023446
38 12 0.031737
38 13 0.042116
38 14 0.054797
38 15 0.069913
38 16 0.087479
38 17 0.107371
38 18 0.129310
38 19 0.152857
38 20 0.177432
38 21 0.202351
38 22 0.226878
38 23 0.250283
38 24 0.271914
38 25 0.291243
38 26 0.307910
38 27 0.321737
38 28 0.332708
38 29 0.340939
38 30 0.346612
38 31 0.349921
38 32 0.351006
38 33 0.349921
38 34 0.346612
38 35 0.340939
38 36 0.332708
38 37 0.321737
38 38 0.307910
38 39 0.291243
38 40 0.271914
38 41 0.250283
38 42 0.226878
38 43 0.202351
38 44 0.177432
38 45 0.152857
38 46 0.129310
38 47 0.107371
38 48 0.087479
38 49 0.069913
38 50 0.054797
38 51 0.042116
38 52 0.031737
38 53 0.023446
38 54 0.016980
38 55 0.012054
38 56 0.008388
38 57 0.005718
38 58 0.003808
38 59 0.002458
38 60 0.001522
38 61 0.000882
38 62 0.000401
38 63 0.000000

39 0 0.000000
39 1 0.000223
39 2 0.000495
39 3 0.000868
39 4 0.001425
39 5 0.002249
39 6 0.003446
39 7 0.005162
39 8 0.007577
39 9 0.010903
39 10 0.015378
39 11 0.021266
39 12 0.028833
39 13 0.038330
39 14 0.049966
39 15 0.063881
39 16 0.080112
39 17 0.098570
39 18 0.119024
39 19 0.141099
39 20 0.164285
39 21 0.187969
39 22 0.211478
39 23 0.234135
39 24 0.255310
39 25 0.274476
39 26 0.291243
39 27 0.305372
39 28 0.316770
39 29 0.325461
39 30 0.331540
39 31 0.335125
39 32 0.336309
39 33 0.335125
39 34 0.331540
39 35 0.325461
39 36 0.316770
39 37 0.305372
39 38 0.291243
39 39 0.274476
39 40 0.255310
39 41 0.234135
39 42 0.211478
39 43 0.187969
39 44 0.164285
39 45 0.141099
39 46 0.119024
39 47 0.098570
39 48 0.080112
39 49 0.063881
39 50 0.049966
39 51 0.038330
39 52 0.028833
39 53 0.021266
39 54 0.015378
39 55 0.010902
39 56 0.007577
39 57 0.005159
39 58 0.003433
39 59 0.002214
39 60 0.001370
39 61 0.000793
39 62 0.000360
39 63 0.000000

40 0 0.000000
40 1 0.000197
40 2 0.000437
40 3 0.000767
40 4 0.001261
40 5 0.001992
40 6 0.003056
40 7 0.004583
40 8 0.006736
40 9 0.009705
40 10 0.013711
40 11 0.018991
40 12 0.025795
40 13 0.034357
40 14 0.044881
40 15 0.057510
40 16 0.072299
40 17 0.089192
40 18 0.108007
40 19 0.128430
40 20 0.150021
40 21 0.172241
40 22 0.194485
40 23 0.216128
40 24 0.236577
40 25 0.255310
40 26 0.271914
40 27 0.286102
40 28 0.297712
40 29 0.306686
40 30 0.313039
40 31 0.316819
40 32 0.318073
40 33 0.316819
40 34 0.313039
40 35 0.306686
40 36 0.297712
40 37 0.286102
40 38 0.271914
40 39 0.255310
40 40 0.236577
40 41 0.216128
40 42 0.194485
40 43 0.172241
40 44 0.150021
40 45 0.128430
40 46 0.108007
40 47 0.089192
40 48 0.072299
40 49 0.057510
40 50 0.044881
40 51 0.034357
40 52 0.025795
40 53 0.018991
40 54 0.013711
40 55 0.009705
40 56 0.006735
40 57 0.004580
40 58 0.003044
40 59 0.001961
40 60 0.001212
40 61 0.000702
40 62 0.000318
40 63 0.000000

41 0 0.000000
41 1 0.000171
41 2 0.000380
41 3 0.000667
41 4 0.001098
41 5 0.001736
41 6 0.002665
41 7 0.004003
41 8 0.005892
41 9 0.008502
41 10 0.012031
41 11 0.016694
41 12 0.022719
41 13 0.030323
41 14 0.039701
41 15 0.050995
41 16 0.064275
41 17 0.079514
41 18 0.096576
41 19 0.115203
41 20 0.135026
41 21 0.155576
41 22 0.176319
41 23 0.196688
41 24 0.216128
41 25 0.234135
41 26 0.250283
41 27 0.264251
41 28 0.275820
41 29 0.284863
41 30 0.291327
41 31 0.295201
41 32 0.296490
41 33 0.295201
41 34 0.291327
41 35 0.284863
41 36 0.275820
41 37 0.264251
41 38 0.250283
41 39 0.234135
41 40 0.216128
41 41 0.196688
41 42 0.176319
41 43 0.155576
41 44 0.135026
41 45 0.115203
41 46 0.096576
41 47 0.079514
41 48 0.064275
41 49 0.050995
41 50 0.039701
41 51 0.030323
41 52 0.022719
41 53 0.016694
41 54 0.012031
41 55 0.008502
41 56 0.005891
41 57 0.004000
41 58 0.002655
41 59 0.001709
41 60 0.001056
41 61 0.000610
41 62 0.000277
41 63 0.000000

42 0 0.000000
42 1 0.000146
42 2 0.000325
42 3 0.000571
42 4 0.000940
42 5 0.001487
42 6 0.002287
42 7 0.003439
42 8 0.005070
42 9 0.007328
42 10 0.010388
42 11 0.014442
42 12 0.019694
42 13 0.026344
42 14 0.034573
42 15 0.044520
42 16 0.056266
42 17 0.069809
42 18 0.085049
42 19 0.101784
42 20 0.119708
42 21 0.138423
42 22 0.157462
42 23 0.176319
42 24 0.194485
42 25 0.211478
42 26 0.226878
42 27 0.240338
42 28 0.251600
42 29 0.260486
42 30 0.266887
42 31 0.270745
42 32 0.272034
42 33 0.270745
42 34 0.266887
42 35 0.260486
42 36 0.251600
42 37 0.240338
42 38 0.226878
42 39 0.211478
42 40 0.194485
42 41 0.176319
42 42 0.157462
42 43 0.138423
42 44 0.119708
42 45 0.101784
42 46 0.085049
42 47 0.069809
42 48 0.056266
42 49 0.044520
42 50 0.034573
42 51 0.026344
42 52 0.019694
42 53 0.014442
42 54 0.010388
42 55 0.007328
42 56 0.005069
42 57 0.003437
42 58 0.002278
42 59 0.001465
42 60 0.000904
42 61 0.000522
42 62 0.000237
42 63 0.000000

43 0 0.000000
43 1 0.000122
43 2 0.000273
43 3 0.000480
43 4 0.000791
43 5 0.001253
43 6 0.001930
43 7 0.002906
43 8 0.004291
43 9 0.006214
43 10 0.008825
43 11 0.012293
43 12 0.016800
43 13 0.022523
43 14 0.029631
43 15 0.038256
43 16 0.048483
43 17 0.060330
43 18 0.073731
43 19 0.088529
43 20 0.104477
43 21 0.121241
43 22 0.138423
43 23 0.155576
43 24 0.172241
43 25 0.187969
43 26 0.202351
43 27 0.215036
43 28 0.225741
43 29 0.234253
43 30 0.240424
43 31 0.244160
43 32 0.245411
43 33 0.244160
43 34 0.240424
43 35 0.234253
43 36 0.225741
43 37 0.215036
43 38 0.202351
43 39 0.187969
43 40 0.172241
43 41 0.155576
43 42 0.138423
43 43 0.121241
43 44 0.104477
43 45 0.088529
43 46 0.073731
43 47 0.060330
43 48 0.048483
43 49 0.038256
43 50 0.029631
43 51 0.022523
43 52 0.016800
43 53 0.012293
43 54 0.008825
43 55 0.006214
43 56 0.004291
43 57 0.002905
43 58 0.001923
43 59 0.001235
43 60 0.000761
43 61 0.000439
43 62 0.000199
43 63 0.000000

44 0 0.000000
44 1 0.000101
44 2 0.000225
44 3 0.000397
44 4 0.000655
44 5 0.001038
44 6 0.001601
44 7 0.002415
44 8 0.003572
44 9 0.005182
44 10 0.007374
44 11 0.010294
44 12 0.014098
44 13 0.018945
44 14 0.024986
44 15 0.032344
44 16 0.041107
44 17 0.051303
44 18 0.062894
44 19 0.075764
44 20 0.089716
44 21 0.104477
44 22 0.119708
44 23 0.135026
44 24 0.150021
44 25 0.164285
44 26 0.177432
44 27 0.189118
44 28 0.199050
44 29 0.206999
44 30 0.212792
44 31 0.216312
44 32 0.217493
44 33 0.216312
44 34 0.212792
44 35 0.206999
44 36 0.199050
44 37 0.189118
44 38 0.177432
44 39 0.164285
44 40 0.150021
44 41 0.135026
44 42 0.119708
44 43 0.104477
44 44 0.089716
44 45 0.075764
44 46 0.062894
44 47 0.051303
44 48 0.041107
44 49 0.032344
44 50 0.024986
44 51 0.018945
44 52 0.014098
44 53 0.010294
44 54 0.007374
44 55 0.005182
44 56 0.003572
44 57 0.002414
44 58 0.001595
44 59 0.001023
44 60 0.000630
44 61 0.000363
44 62 0.000164
44 63 0.000000

45 0 0.000000
45 1 0.000082
45 2 0.000183
45 3 0.000322
45 4 0.000533
45 5 0.000846
45 6 0.001306
45 7 0.001974
45 8 0.002924
45 9 0.004250
45 10 0.006060
45 11 0.008477
45 12 0.011636
45 13 0.015674
45 14 0.020723
45 15 0.026898
45 16 0.034281
45 17 0.042910
45 18 0.052768
45 19 0.063770
45 20 0.075764
45 21 0.088529
45 22 0.101784
45 23 0.115203
45 24 0.128430
45 25 0.141099
45 26 0.152857
45 27 0.163377
45 28 0.172375
45 29 0.179614
45 30 0.184912
45 31 0.188141
45 32 0.189226
45 33 0.188141
45 34 0.184912
45 35 0.179614
45 36 0.172375
45 37 0.163377
45 38 0.152857
45 39 0.141099
45 40 0.128430
45 41 0.115203
45 42 0.101784
45 43 0.088529
45 44 0.075764
45 45 0.063770
45 46 0.052768
45 47 0.042910
45 48 0.034281
45 49 0.026898
45 50 0.020723
45 51 0.015674
45 52 0.011636
45 53 0.008477
45 54 0.006060
45 55 0.004250
45 56 0.002924
45 57 0.001973
45 58 0.001302
45 59 0.000834
45 60 0.000513
45 61 0.000295
45 62 0.000133
45 63 0.000000

46 0 0.000000
46 1 0.000065
46 2 0.000146
46 3 0.000258
46 4 0.000426
46 5 0.000677
46 6 0.001048
46 7 0.001586
46 8 0.002354
46 9 0.003427
46 10 0.004896
46 11 0.006864
46 12 0.009443
46 13 0.012751
46 14 0.016901
46 15 0.021995
46 16 0.028111
46 17 0.035289
46 18 0.043528
46 19 0.052768
46 20 0.062894
46 21 0.073731
46 22 0.085049
46 23 0.096576
46 24 0.108007
46 25 0.119024
46 26 0.129310
46 27 0.138566
46 28 0.146524
46 29 0.152955
46 30 0.157679
46 31 0.160566
46 32 0.161537
46 33 0.160566
46 34 0.157679
46 35 0.152955
46 36 0.146524
46 37 0.138566
46 38 0.129310
46 39 0.119024
46 40 0.108007
46 41 0.096576
46 42 0.085049
46 43 0.073731
46 44 0.062894
46 45 0.052768
46 46 0.043528
46 47 0.035289
46 48 0.028111
46 49 0.021995
46 50 0.016901
46 51 0.012751
46 52 0.009443
46 53 0.006864
46 54 0.004896
46 55 0.003427
46 56 0.002353
46 57 0.001585
46 58 0.001044
46 59 0.000668
46 60 0.000410
46 61 0.000236
46 62 0.000107
46 63 0.000000

47 0 0.000000
47 1 0.000051
47 2 0.000114
47 3 0.000202
47 4 0.000335
47 5 0.000533
47 6 0.000826
47 7 0.001252
47 8 0.001862
47 9 0.002717
47 10 0.003889
47 11 0.005464
47 12 0.007534
47 13 0.010197
47 14 0.013551
47 15 0.017681
47 16 0.022659
47 17 0.028526
47 18 0.035289
47 19 0.042910
47 20 0.051303
47 21 0.060330
47 22 0.069809
47 23 0.079514
47 24 0.089192
47 25 0.098570
47 26 0.107371
47 27 0.115331
47 28 0.122204
47 29 0.127780
47 30 0.131888
47 31 0.134404
47 32 0.135251
47 33 0.134404
47 34 0.131888
47 35 0.127780
47 36 0.122204
47 37 0.115331
47 38 0.107371
47 39 0.098570
47 40 0.089192
47 41 0.079514
47 42 0.069809
47 43 0.060330
47 44 0.051303
47 45 0.042910
47 46 0.035289
47 47 0.028526
47 48 0.022659
47 49 0.017681
47 50 0.013551
47 51 0.010197
47 52 0.007534
47 53 0.005464
47 54 0.003889
47 55 0.002717
47 56 0.001862
47 57 0.001251
47 58 0.000823
47 59 0.000526
47 60 0.000323
47 61 0.000185
47 62 0.000084
47 63 0.000000

48 0 0.000000
48 1 0.000039
48 2 0.000088
48 3 0.000156
48 4 0.000259
48 5 0.000412
48 6 0.000640
48 7 0.000972
48 8 0.001448
48 9 0.002116
48 10 0.003036
48 11 0.004275
48 12 0.005908
48 13 0.008015
48 14 0.010677
48 15 0.013968
48 16 0.017949
48 17 0.022659
48 18 0.028111
48 19 0.034281
48 20 0.041107
48 21 0.048483
48 22 0.056266
48 23 0.064275
48 24 0.072299
48 25 0.080112
48 26 0.087479
48 27 0.094169
48 28 0.099968
48 29 0.104688
48 30 0.108175
48 31 0.110314
48 32 0.111035
48 33 0.110314
48 34 0.108175
48 35 0.104688
48 36 0.099968
48 37 0.094169
48 38 0.087479
48 39 0.080112
48 40 0.072299
48 41 0.064275
48 42 0.056266
48 43 0.048483
48 44 0.041107
48 45 0.034281
48 46 0.028111
48 47 0.022659
48 48 0.017949
48 49 0.013968
48 50 0.010677
48 51 0.008015
48 52 0.005908
48 53 0.004275
48 54 0.003036
48 55 0.002116
48 56 0.001448
48 57 0.000971
48 58 0.000638
48 59 0.000407
48 60 0.000249
48 61 0.000143
48 62 0.000065
48 63 0.000000

49 0 0.000000
49 1 0.000030
49 2 0.000067
49 3 0.000118
49 4 0.000196
49 5 0.000313
49 6 0.000487
49 7 0.000741
49 8 0.001106
49 9 0.001620
49 10 0.002329
49 11 0.003287
49 12 0.004552
49 13 0.006191
49 14 0.008267
49 15 0.010842
49 16 0.013968
49 17 0.017681
49 18 0.021995
49 19 0.026898
49 20 0.032344
49 21 0.038256
49 22 0.044520
49 23 0.050995
49 24 0.057510
49 25 0.063881
49 26 0.069913
49 27 0.075410
49 28 0.080192
49 29 0.084095
49 30 0.086984
49 31 0.088759
49 32 0.089358
49 33 0.088759
49 34 0.086984
49 35 0.084095
49 36 0.080192
49 37 0.075410
49 38 0.069913
49 39 0.063881
49 40 0.057510
49 41 0.050995
49 42 0.044520
49 43 0.038256
49 44 0.032344
49 45 0.026898
49 46 0.021995
49 47 0.017681
49 48 0.013968
49 49 0.010842
49 50 0.008267
49 51 0.006191
49 52 0.004552
49 53 0.003287
49 54 0.002329
49 55 0.001620
49 56 0.001106
49 57 0.000741
49 58 0.000486
49 59 0.000310
49 60 0.000189
49 61 0.000108
49 62 0.000049
49 63 0.000000

50 0 0.000000
50 1 0.000022
50 2 0.000050
50 3 0.000088
50 4 0.000146
50 5 0.000234
50 6 0.000364
50 7 0.000555
50 8 0.000831
50 9 0.001219
50 10 0.001756
50 11 0.002483
50 12 0.003447
50 13 0.004698
50 14 0.006288
50 15 0.008267
50 16 0.010677
50 17 0.013551
50 18 0.016901
50 19 0.020723
50 20 0.024986
50 21 0.029631
50 22 0.034573
50 23 0.039701
50 24 0.044881
50 25 0.049966
50 26 0.054797
50 27 0.059215
50 28 0.063069
50 29 0.066222
50 30 0.068561
50 31 0.069999
50 32 0.070485
50 33 0.069999
50 34 0.068561
50 35 0.066222
50 36 0.063069
50 37 0.059215
50 38 0.054797
50 39 0.049966
50 40 0.044881
50 41 0.039701
50 42 0.034573
50 43 0.029631
50 44 0.024986
50 45 0.020723
50 46 0.016901
50 47 0.013551
50 48 0.010677
50 49 0.008267
50 50 0.006288
50 51 0.004698
50 52 0.003447
50 53 0.002483
50 54 0.001756
50 55 0.001219
50 56 0.000831
50 57 0.000555
50 58 0.000363
50 59 0.000231
50 60 0.000141
50 61 0.000081
50 62 0.000036
50 63 0.000000

51 0 0.000000
51 1 0.000016
51 2 0.000036
51 3 0.000065
51 4 0.000107
51 5 0.000172
51 6 0.000268
51 7 0.000409
51 8 0.000613
51 9 0.000901
51 10 0.001300
51 11 0.001842
51 12 0.002563
51 13 0.003502
51 14 0.004698
51 15 0.006191
51 16 0.008015
51 17 0.010197
51 18 0.012751
51 19 0.015674
51 20 0.018945
51 21 0.022523
51 22 0.026344
51 23 0.030323
51 24 0.034357
51 25 0.038330
51 26 0.042116
51 27 0.045588
51 28 0.048625
51 29 0.051114
51 30 0.052964
51 31 0.054103
51 32 0.054488
51 33 0.054103
51 34 0.052964
51 35 0.051114
51 36 0.048625
51 37 0.045588
51 38 0.042116
51 39 0.038330
51 40 0.034357
51 41 0.030323
51 42 0.026344
51 43 0.022523
51 44 0.018945
51 45 0.015674
51 46 0.012751
51 47 0.010197
51 48 0.008015
51 49 0.006191
51 50 0.004698
51 51 0.003502
51 52 0.002563
51 53 0.001842
51 54 0.001300
51 55 0.000901
51 56 0.000613
51 57 0.000409
51 58 0.000267
51 59 0.000170
51 60 0.000104
51 61 0.000059
51 62 0.000027
51 63 0.000000

52 0 0.000000
52 1 0.000012
52 2 0.000026
52 3 0.000046
52 4 0.000077
52 5 0.000124
52 6 0.000193
52 7 0.000296
52 8 0.000444
52 9 0.000654
52 10 0.000946
52 11 0.001343
52 12 0.001872
52 13 0.002563
52 14 0.003447
52 15 0.004552
52 16 0.005908
52 17 0.007534
52 18 0.009443
52 19 0.011636
52 20 0.014098
52 21 0.016800
52 22 0.019694
52 23 0.022719
52 24 0.025795
52 25 0.028833
52 26 0.031737
52 27 0.034406
52 28 0.036746
52 29 0.038668
52 30 0.040098
52 31 0.040980
52 32 0.041278
52 33 0.040980
52 34 0.040098
52 35 0.038668
52 36 0.036746
52 37 0.034406
52 38 0.031737
52 39 0.028833
52 40 0.025795
52 41 0.022719
52 42 0.019694
52 43 0.016800
52 44 0.014098
52 45 0.011636
52 46 0.009443
52 47 0.007534
52 48 0.005908
52 49 0.004552
52 50 0.003447
52 51 0.002563
52 52 0.001872
52 53 0.001343
52 54 0.000946
52 55 0.000654
52 56 0.000444
52 57 0.000296
52 58 0.000193
52 59 0.000122
52 60 0.000075
52 61 0.000042
52 62 0.000019
52 63 0.000000

53 0 0.000000
53 1 0.000008
53 2 0.000018
53 3 0.000033
53 4 0.000055
53 5 0.000088
53 6 0.000137
53 7 0.000210
53 8 0.000316
53 9 0.000466
53 10 0.000676
53 11 0.000961
53 12 0.001343
53 13 0.001842
53 14 0.002483
53 15 0.003287
53 16 0.004275
53 17 0.005464
53 18 0.006864
53 19 0.008477
53 20 0.010294
53 21 0.012293
53 22 0.014442
53 23 0.016694
53 24 0.018991
53 25 0.021266
53 26 0.023446
53 27 0.025454
53 28 0.027218
53 29 0.028669
53 30 0.029750
53 31 0.030417
53 32 0.030643
53 33 0.030417
53 34 0.029750
53 35 0.028669
53 36 0.027218
53 37 0.025454
53 38 0.023446
53 39 0.021266
53 40 0.018991
53 41 0.016694
53 42 0.014442
53 43 0.012293
53 44 0.010294
53 45 0.008477
53 46 0.006864
53 47 0.005464
53 48 0.004275
53 49 0.003287
53 50 0.002483
53 51 0.001842
53 52 0.001343
53 53 0.000961
53 54 0.000676
53 55 0.000466
53 56 0.000316
53 57 0.000210
53 58 0.000137
53 59 0.000087
53 60 0.000053
53 61 0.000030
53 62 0.000014
53 63 0.000000

54 0 0.000000
54 1 0.000006
54 2 0.000013
54 3 0.000023
54 4 0.000038
54 5 0.000061
54 6 0.000095
54 7 0.000147
54 8 0.000221
54 9 0.000326
54 10 0.000474
54 11 0.000676
54 12 0.000946
54 13 0.001300
54 14 0.001756
54 15 0.002329
54 16 0.003036
54 17 0.003889
54 18 0.004896
54 19 0.006060
54 20 0.007374
54 21 0.008825
54 22 0.010388
54 23 0.012031
54 24 0.013711
54 25 0.015378
54 26 0.016980
54 27 0.018459
54 28 0.019759
54 29 0.020831
54 30 0.021630
54 31 0.022124
54 32 0.022291
54 33 0.022124
54 34 0.021630
54 35 0.020831
54 36 0.019759
54 37 0.018459
54 38 0.016980
54 39 0.015378
54 40 0.013711
54 41 0.012031
54 42 0.010388
54 43 0.008825
54 44 0.007374
54 45 0.006060
54 46 0.004896
54 47 0.003889
54 48 0.003036
54 49 0.002329
54 50 0.001756
54 51 0.001300
54 52 0.000946
54 53 0.000676
54 54 0.000474
54 55 0.000326
54 56 0.000221
54 57 0.000147
54 58 0.000095
54 59 0.000060
54 60 0.000037
54 61 0.000021
54 62 0.000009
54 63 0.000000

55 0 0.000000
55 1 0.000004
55 2 0.000009
55 3 0.000015
55 4 0.000026
55 5 0.000042
55 6 0.000065
55 7 0.000100
55 8 0.000152
55 9 0.000224
55 10 0.000326
55 11 0.000466
55 12 0.000654
55 13 0.000901
55 14 0.001219
55 15 0.001620
55 16 0.002116
55 17 0.002717
55 18 0.003427
55 19 0.004250
55 20 0.005182
55 21 0.006214
55 22 0.007328
55 23 0.008502
55 24 0.009705
55 25 0.010902
55 26 0.012054
55 27 0.013120
55 28 0.014059
55 29 0.014833
55 30 0.015411
55 31 0.015769
55 32 0.015889
55 33 0.015769
55 34 0.015411
55 35 0.014833
55 36 0.014059
55 37 0.013120
55 38 0.012054
55 39 0.010902
55 40 0.009705
55 41 0.008502
55 42 0.007328
55 43 0.006214
55 44 0.005182
55 45 0.004250
55 46 0.003427
55 47 0.002717
55 48 0.002116
55 49 0.001620
55 50 0.001219
55 51 0.000901
55 52 0.000654
55 53 0.000466
55 54 0.000326
55 55 0.000224
55 56 0.000152
55 57 0.000100
55 58 0.000065
55 59 0.000041
55 60 0.000025
55 61 0.000014
55 62 0.000006
55 63 0.000000

56 0 0.000000
56 1 0.000003
56 2 0.000006
56 3 0.000010
56 4 0.000017
56 5 0.000028
56 6 0.000044
56 7 0.000068
56 8 0.000102
56 9 0.000152
56 10 0.000221
56 11 0.000316
56 12 0.000444
56 13 0.000613
56 14 0.000831
56 15 0.001106
56 16 0.001448
56 17 0.001862
56 18 0.002353
56 19 0.002924
56 20 0.003572
56 21 0.004291
56 22 0.005069
56 23 0.005891
56 24 0.006735
56 25 0.007577
56 26 0.008388
56 27 0.009140
56 28 0.009803
56 29 0.010350
56 30 0.010760
56 31 0.011013
56 32 0.011098
56 33 0.011013
56 34 0.010760
56 35 0.010350
56 36 0.009803
56 37 0.009140
56 38 0.008388
56 39 0.007577
56 40 0.006735
56 41 0.005891
56 42 0.005069
56 43 0.004291
56 44 0.003572
56 45 0.002924
56 46 0.002353
56 47 0.001862
56 48 0.001448
56 49 0.001106
56 50 0.000831
56 51 0.000613
56 52 0.000444
56 53 0.000316
56 54 0.000221
56 55 0.000152
56 56 0.000102
56 57 0.000068
56 58 0.000044
56 59 0.000028
56 60 0.000017
56 61 0.000009
56 62 0.000004
56 63 0.000000

57 0 0.000000
57 1 0.000002
57 2 0.000004
57 3 0.000007
57 4 0.000011
57 5 0.000018
57 6 0.000029
57 7 0.000045
57 8 0.000068
57 9 0.000100
57 10 0.000147
57 11 0.000210
57 12 0.000296
57 13 0.000409
57 14 0.000555
57 15 0.000741
57 16 0.000971
57 17 0.001251
57 18 0.001585
57 19 0.001973
57 20 0.002414
57 21 0.002905
57 22 0.003437
57 23 0.004000
57 24 0.004580
57 25 0.005159
57 26 0.005718
57 27 0.006237
57 28 0.006695
57 29 0.007074
57 30 0.007357
57 31 0.007532
57 32 0.007592
57 33 0.007532
57 34 0.007357
57 35 0.007074
57 36 0.006695
57 37 0.006237
57 38 0.005718
57 39 0.005159
57 40 0.004580
57 41 0.004000
57 42 0.003437
57 43 0.002905
57 44 0.002414
57 45 0.001973
57 46 0.001585
57 47 0.001251
57 48 0.000971
57 49 0.000741
57 50 0.000555
57 51 0.000409
57 52 0.000296
57 53 0.000210
57 54 0.000147
57 55 0.000100
57 56 0.000068
57 57 0.000045
57 58 0.000029
57 59 0.000018
57 60 0.000011
57 61 0.000006
57 62 0.000003
57 63 0.000000

58 0 0.000000
58 1 0.000001
58 2 0.000002
58 3 0.000004
58 4 0.000007
58 5 0.000012
58 6 0.000019
58 7 0.000029
58 8 0.000044
58 9 0.000065
58 10 0.000095
58 11 0.000137
58 12 0.000193
58 13 0.000267
58 14 0.000363
58 15 0.000486
58 16 0.000638
58 17 0.000823
58 18 0.001044
58 19 0.001302
58 20 0.001595
58 21 0.001923
58 22 0.002278
58 23 0.002655
58 24 0.003044
58 25 0.003433
58 26 0.003808
58 27 0.004157
58 28 0.004466
58 29 0.004722
58 30 0.004913
58 31 0.005031
58 32 0.005071
58 33 0.005031
58 34 0.004913
58 35 0.004722
58 36 0.004466
58 37 0.004157
58 38 0.003808
58 39 0.003433
58 40 0.003044
58 41 0.002655
58 42 0.002278
58 43 0.001923
58 44 0.001595
58 45 0.001302
58 46 0.001044
58 47 0.000823
58 48 0.000638
58 49 0.000486
58 50 0.000363
58 51 0.000267
58 52 0.000193
58 53 0.000137
58 54 0.000095
58 55 0.000065
58 56 0.000044
58 57 0.000029
58 58 0.000019
58 59 0.000012
58 60 0.000007
58 61 0.000004
58 62 0.000002
58 63 0.000000

59 0 0.000000
59 1 0.000001
59 2 0.000002
59 3 0.000003
59 4 0.000005
59 5 0.000007
59 6 0.000012
59 7 0.000018
59 8 0.000028
59 9 0.000041
59 10 0.000060
59 11 0.000087
59 12 0.000122
59 13 0.000170
59 14 0.000231
59 15 0.000310
59 16 0.000407
59 17 0.000526
59 18 0.000668
59 19 0.000834
59 20 0.001023
59 21 0.001235
59 22 0.001465
59 23 0.001709
59 24 0.001961
59 25 0.002214
59 26 0.002458
59 27 0.002685
59 28 0.002886
59 29 0.003053
59 30 0.003178
59 31 0.003255
59 32 0.003281
59 33 0.003255
59 34 0.003178
59 35 0.003053
59 36 0.002886
59 37 0.002685
59 38 0.002458
59 39 0.002214
59 40 0.001961
59 41 0.001709
59 42 0.001465
59 43 0.001235
59 44 0.001023
59 45 0.000834
59 46 0.000668
59 47 0.000526
59 48 0.000407
59 49 0.000310
59 50 0.000231
59 51 0.000170
59 52 0.000122
59 53 0.000087
59 54 0.000060
59 55 0.000041
59 56 0.000028
59 57 0.000018
59 58 0.000012
59 59 0.000007
59 60 0.000004
59 61 0.000003
59 62 0.000001
59 63 0.000000

60 0 0.000000
60 1 0.000000
60 2 0.000001
60 3 0.000002
60 4 0.000003
60 5 0.000005
60 6 0.000007
60 7 0.000011
60 8 0.000017
60 9 0.000025
60 10 0.000037
60 11 0.000053
60 12 0.000075
60 13 0.000104
60 14 0.000141
60 15 0.000189
60 16 0.000249
60 17 0.000323
60 18 0.000410
60 19 0.000513
60 20 0.000630
60 21 0.000761
60 22 0.000904
60 23 0.001056
60 24 0.001212
60 25 0.001370
60 26 0.001522
60 27 0.001664
60 28 0.001789
60 29 0.001893
60 30 0.001971
60 31 0.002019
60 32 0.002036
60 33 0.002019
60 34 0.001971
60 35 0.001893
60 36 0.001789
60 37 0.001664
60 38 0.001522
60 39 0.001370
60 40 0.001212
60 41 0.001056
60 42 0.000904
60 43 0.000761
60 44 0.000630
60 45 0.000513
60 46 0.000410
60 47 0.000323
60 48 0.000249
60 49 0.000189
60 50 0.000141
60 51 0.000104
60 52 0.000075
60 53 0.000053
60 54 0.000037
60 55 0.000025
60 56 0.000017
60 57 0.000011
60 58 0.000007
60 59 0.000004
60 60 0.000003
60 61 0.000002
60 62 0.000001
60 63 0.000000

61 0 0.000000
61 1 0.000000
61 2 0.000001
61 3 0.000001
61 4 0.000002
61 5 0.000003
61 6 0.000004
61 7 0.000006
61 8 0.000009
61 9 0.000014
61 10 0.000021
61 11 0.000030
61 12 0.000042
61 13 0.000059
61 14 0.000081
61 15 0.000108
61 16 0.000143
61 17 0.000185
61 18 0.000236
61 19 0.000295
61 20 0.000363
61 21 0.000439
61 22 0.000522
61 23 0.000610
61 24 0.000702
61 25 0.000793
61 26 0.000882
61 27 0.000965
61 28 0.001039
61 29 0.001100
61 30 0.001146
61 31 0.001174
61 32 0.001184
61 33 0.001174
61 34 0.001146
61 35 0.001100
61 36 0.001039
61 37 0.000965
61 38 0.000882
61 39 0.000793
61 40 0.000702
61 41 0.000610
61 42 0.000522
61 43 0.000439
61 44 0.000363
61 45 0.000295
61 46 0.000236
61 47 0.000185
61 48 0.000143
61 49 0.000108
61 50 0.000081
61 51 0.000059
61 52 0.000042
61 53 0.000030
61 54 0.000021
61 55 0.000014
61 56 0.000009
61 57 0.000006
61 58 0.000004
61 59 0.000003
61 60 0.000002
61 61 0.000001
61 62 0.000000
61 63 0.000000

62 0 0.000000
62 1 0.000000
62 2 0.000000
62 3 0.000000
62 4 0.000001
62 5 0.000001
62 6 0.000002
62 7 0.000003
62 8 0.000004
62 9 0.000006
62 10 0.000009
62 11 0.000014
62 12 0.000019
62 13 0.000027
62 14 0.000036
62 15 0.000049
62 16 0.000065
62 17 0.000084
62 18 0.000107
62 19 0.000133
62 20 0.000164
62 21 0.000199
62 22 0.000237
62 23 0.000277
62 24 0.000318
62 25 0.000360
62 26 0.000401
62 27 0.000439
62 28 0.000472
62 29 0.000500
62 30 0.000521
62 31 0.000534
62 32 0.000538
62 33 0.000534
62 34 0.000521
62 35 0.000500
62 36 0.000472
62 37 0.000439
62 38 0.000401
62 39 0.000360
62 40 0.000318
62 41 0.000277
62 42 0.000237
62 43 0.000199
62 44 0.000164
62 45 0.000133
62 46 0.000107
62 47 0.000084
62 48 0.000065
62 49 0.000049
62 50 0.000036
62 51 0.000027
62 52 0.000019
62 53 0.000014
62 54 0.000009
62 55 0.000006
62 56 0.000004
62 57 0.000003
62 58 0.000002
62 59 0.000001
62 60 0.000001
62 61 0.000000
62 62 0.000000
62 63 0.000000

63 0 0.000000
63 1 0.000000
63 2 0.000000
63 3 0.000000
63 4 0.000000
63 5 0.000000
63 6 0.000000
63 7 0.000000
63 8 0.000000
63 9 0.000000
63 10 0.000000
63 11 0.000000
63 12 0.000000
63 13 0.000000
63 14 0.000000
63 15 0.000000
63 16 0.000000
63 17 0.000000
63 18 0.000000
63 19 0.000000
63 20 0.000000
63 21 0.000000
63 22 0.000000
63 23 0.000000
63 24 0.000000
63 25 0.000000
63 26 0.000000
63 27 0.000000
63 28 0.000000
63 29 0.000000
63 30 0.000000
63 31 0.000000
63 32 0.000000
63 33 0.000000
63 34 0.000000
63 35 0.000000
63 36 0.000000
63 37 0.000000
63 38 0.000000
63 39 0.000000
63 40 0.000000
63 41 0.000000
63 42 0.000000
63 43 0.000000
63 44 0.000000
63 45 0.000000
63 46 0.000000
63 47 0.000000
63 48 0.000000
63 49 0.000000
63 50 0.000000
63 51 0.000000
63 52 0.000000
63 53 0.000000
63 54 0.000000
63 55 0.000000
63 56 0.000000
63 57 0.000000
63 58 0.000000
63 59 0.000000
63 60 0.000000
63 61 0.000000
63 62 0.000000
63 63 0.000000

