0 0 0.000000
0 1 0.000000
0 2 0.000000
0 3 0.000000
0 4 0.000000
0 5 0.000000
0 6 0.000000
0 7 0.000000
0 8 0.000000
0 9 0.000000
0 10 0.000000
0 11 0.000000
0 12 0.000000
0 13 0.000000
0 14 0.000000
0 15 0.000000
0 16 0.000000
0 17 0.000000
0 18 0.000000
0 19 0.000000
0 20 0.000000
0 21 0.000000
0 22 0.000000
0 23 0.000000
0 24 0.000000
0 25 0.000000
0 26 0.000000
0 27 0.000000
0 28 0.000000
0 29 0.000000
0 30 0.000000
0 31 0.000000
0 32 0.000000
0 33 0.000000
0 34 0.000000
0 35 0.000000
0 36 0.000000
0 37 0.000000
0 38 0.000000
0 39 0.000000
0 40 0.000000
0 41 0.000000
0 42 0.000000
0 43 0.000000
0 44 0.000000
0 45 0.000000
0 46 0.000000
0 47 0.000000
0 48 0.000000
0 49 0.000000
0 50 0.000000
0 51 0.000000
0 52 0.000000
0 53 0.000000
0 54 0.000000
0 55 0.000000
0 56 0.000000
0 57 0.000000
0 58 0.000000
0 59 0.000000
0 60 0.000000
0 61 0.000000
0 62 0.000000
0 63 0.000000

1 0 0.000000
1 1 0.000000
1 2 0.000000
1 3 0.000000
1 4 0.000001
1 5 0.000001
1 6 0.000002
1 7 0.000003
1 8 0.000005
1 9 0.000007
1 10 0.000010
1 11 0.000015
1 12 0.000021
1 13 0.000028
1 14 0.000038
1 15 0.000051
1 16 0.000067
1 17 0.000086
1 18 0.000109
1 19 0.000135
1 20 0.000165
1 21 0.000199
1 22 0.000235
1 23 0.000274
1 24 0.000313
1 25 0.000353
1 26 0.000391
1 27 0.000427
1 28 0.000458
1 29 0.000484
1 30 0.000504
1 31 0.000516
1 32 0.000520
1 33 0.000516
1 34 0.000504
1 35 0.000484
1 36 0.000458
1 37 0.000427
1 38 0.000391
1 39 0.000353
1 40 0.000313
1 41 0.000274
1 42 0.000235
1 43 0.000199
1 44 0.000165
1 45 0.000135
1 46 0.000109
1 47 0.000086
1 48 0.000067
1 49 0.000051
1 50 0.000038
1 51 0.000028
1 52 0.000021
1 53 0.000015
1 54 0.000010
1 55 0.000007
1 56 0.000005
1 57 0.000003
1 58 0.000002
1 59 0.000001
1 60 0.000001
1 61 0.000000
1 62 0.000000
1 63 0.000000

2 0 0.000000
2 1 0.000000
2 2 0.000001
2 3 0.000001
2 4 0.000002
2 5 0.000003
2 6 0.000005
2 7 0.000007
2 8 0.000011
2 9 0.000016
2 10 0.000023
2 11 0.000033
2 12 0.000046
2 13 0.000063
2 14 0.000086
2 15 0.000114
2 16 0.000149
2 17 0.000191
2 18 0.000242
2 19 0.000300
2 20 0.000367
2 21 0.000440
2 22 0.000521
2 23 0.000605
2 24 0.000693
2 25 0.000780
2 26 0.000864
2 27 0.000942
2 28 0.001011
2 29 0.001068
2 30 0.001111
2 31 0.001137
2 32 0.001146
2 33 0.001137
2 34 0.001111
2 35 0.001068
2 36 0.001011
2 37 0.000942
2 38 0.000864
2 39 0.000780
2 40 0.000693
2 41 0.000605
2 42 0.000521
2 43 0.000440
2 44 0.000367
2 45 0.000300
2 46 0.000242
2 47 0.000191
2 48 0.000149
2 49 0.000114
2 50 0.000086
2 51 0.000063
2 52 0.000046
2 53 0.000033
2 54 0.000023
2 55 0.000016
2 56 0.000011
2 57 0.000007
2 58 0.000005
2 59 0.000003
2 60 0.000002
2 61 0.000001
2 62 0.000000
2 63 0.000000

3 0 0.000000
3 1 0.000000
3 2 0.000001
3 3 0.000002
3 4 0.000003
3 5 0.000005
3 6 0.000008
3 7 0.000013
3 8 0.000019
3 9 0.000028
3 10 0.000041
3 11 0.000058
3 12 0.000081
3 13 0.000111
3 14 0.000150
3 15 0.000200
3 16 0.000261
3 17 0.000335
3 18 0.000422
3 19 0.000524
3 20 0.000639
3 21 0.000767
3 22 0.000905
3 23 0.001052
3 24 0.001202
3 25 0.001352
3 26 0.001497
3 27 0.001631
3 28 0.001749
3 29 0.001847
3 30 0.001921
3 31 0.001966
3 32 0.001981
3 33 0.001966
3 34 0.001921
3 35 0.001847
3 36 0.001749
3 37 0.001631
3 38 0.001497
3 39 0.001352
3 40 0.001202
3 41 0.001052
3 42 0.000905
3 43 0.000767
3 44 0.000639
3 45 0.000524
3 46 0.000422
3 47 0.000335
3 48 0.000261
3 49 0.000200
3 50 0.000150
3 51 0.000111
3 52 0.000081
3 53 0.000058
3 54 0.000041
3 55 0.000028
3 56 0.000019
3 57 0.000013
3 58 0.000008
3 59 0.000005
3 60 0.000003
3 61 0.000002
3 62 0.000001
3 63 0.000000

4 0 0.000000
4 1 0.000001
4 2 0.000002
4 3 0.000003
4 4 0.000005
4 5 0.000009
4 6 0.000014
4 7 0.000021
4 8 0.000031
4 9 0.000046
4 10 0.000067
4 11 0.000095
4 12 0.000132
4 13 0.000182
4 14 0.000245
4 15 0.000325
4 16 0.000423
4 17 0.000542
4 18 0.000682
4 19 0.000845
4 20 0.001030
4 21 0.001234
4 22 0.001454
4 23 0.001687
4 24 0.001926
4 25 0.002164
4 26 0.002393
4 27 0.002605
4 28 0.002792
4 29 0.002946
4 30 0.003062
4 31 0.003133
4 32 0.003157
4 33 0.003133
4 34 0.003062
4 35 0.002946
4 36 0.002792
4 37 0.002605
4 38 0.002393
4 39 0.002164
4 40 0.001926
4 41 0.001687
4 42 0.001454
4 43 0.001234
4 44 0.001030
4 45 0.000845
4 46 0.000682
4 47 0.000542
4 48 0.000423
4 49 0.000325
4 50 0.000245
4 51 0.000182
4 52 0.000132
4 53 0.000095
4 54 0.000067
4 55 0.000046
4 56 0.000031
4 57 0.000021
4 58 0.000014
4 59 0.000009
4 60 0.000005
4 61 0.000003
4 62 0.000001
4 63 0.000000

5 0 0.000000
5 1 0.000001
5 2 0.000003
5 3 0.000005
5 4 0.000009
5 5 0.000014
5 6 0.000022
5 7 0.000033
5 8 0.000050
5 9 0.000073
5 10 0.000106
5 11 0.000150
5 12 0.000209
5 13 0.000286
5 14 0.000385
5 15 0.000509
5 16 0.000662
5 17 0.000847
5 18 0.001065
5 19 0.001317
5 20 0.001601
5 21 0.001916
5 22 0.002255
5 23 0.002612
5 24 0.002977
5 25 0.003341
5 26 0.003691
5 27 0.004014
5 28 0.004299
5 29 0.004534
5 30 0.004710
5 31 0.004818
5 32 0.004855
5 33 0.004818
5 34 0.004710
5 35 0.004534
5 36 0.004299
5 37 0.004014
5 38 0.003691
5 39 0.003341
5 40 0.002977
5 41 0.002612
5 42 0.002255
5 43 0.001916
5 44 0.001601
5 45 0.001317
5 46 0.001065
5 47 0.000847
5 48 0.000662
5 49 0.000509
5 50 0.000385
5 51 0.000286
5 52 0.000209
5 53 0.000150
5 54 0.000106
5 55 0.000073
5 56 0.000050
5 57 0.000033
5 58 0.000022
5 59 0.000014
5 60 0.000008
5 61 0.000005
5 62 0.000002
5 63 0.000000

6 0 0.000000
6 1 0.000002
6 2 0.000005
6 3 0.000008
6 4 0.000014
6 5 0.000022
6 6 0.000034
6 7 0.000051
6 8 0.000077
6 9 0.000113
6 10 0.000163
6 11 0.000231
6 12 0.000321
6 13 0.000439
6 14 0.000589
6 15 0.000778
6 16 0.001010
6 17 0.001289
6 18 0.001618
6 19 0.001996
6 20 0.002423
6 21 0.002894
6 22 0.003401
6 23 0.003933
6 24 0.004477
6 25 0.005017
6 26 0.005536
6 27 0.006015
6 28 0.006436
6 29 0.006783
6 30 0.007042
6 31 0.007202
6 32 0.007257
6 33 0.007202
6 34 0.007042
6 35 0.006783
6 36 0.006436
6 37 0.006015
6 38 0.005536
6 39 0.005017
6 40 0.004477
6 41 0.003933
6 42 0.003401
6 43 0.002894
6 44 0.002423
6 45 0.001996
6 46 0.001618
6 47 0.001289
6 48 0.001010
6 49 0.000778
6 50 0.000589
6 51 0.000439
6 52 0.000321
6 53 0.000231
6 54 0.000163
6 55 0.000113
6 56 0.000077
6 57 0.000051
6 58 0.000034
6 59 0.000022
6 60 0.000013
6 61 0.000008
6 62 0.000003
6 63 0.000000

7 0 0.000000
7 1 0.000003
7 2 0.000007
7 3 0.000013
7 4 0.000021
7 5 0.000033
7 6 0.000051
7 7 0.000078
7 8 0.000117
7 9 0.000171
7 10 0.000246
7 11 0.000348
7 12 0.000483
7 13 0.000659
7 14 0.000883
7 15 0.001163
7 16 0.001507
7 17 0.001919
7 18 0.002403
7 19 0.002959
7 20 0.003584
7 21 0.004272
7 22 0.005011
7 23 0.005785
7 24 0.006574
7 25 0.007355
7 26 0.008105
7 27 0.008795
7 28 0.009402
7 29 0.009902
7 30 0.010274
7 31 0.010504
7 32 0.010582
7 33 0.010504
7 34 0.010274
7 35 0.009902
7 36 0.009402
7 37 0.008795
7 38 0.008105
7 39 0.007355
7 40 0.006574
7 41 0.005785
7 42 0.005011
7 43 0.004272
7 44 0.003584
7 45 0.002959
7 46 0.002403
7 47 0.001919
7 48 0.001507
7 49 0.001163
7 50 0.000883
7 51 0.000659
7 52 0.000483
7 53 0.000348
7 54 0.000246
7 55 0.000171
7 56 0.000117
7 57 0.000078
7 58 0.000051
7 59 0.000033
7 60 0.000020
7 61 0.000012
7 62 0.000005
7 63 0.000000

8 0 0.000000
8 1 0.000005
8 2 0.000011
8 3 0.000019
8 4 0.000031
8 5 0.000050
8 6 0.000077
8 7 0.000117
8 8 0.000174
8 9 0.000254
8 10 0.000365
8 11 0.000514
8 12 0.000712
8 13 0.000970
8 14 0.001297
8 15 0.001705
8 16 0.002203
8 17 0.002799
8 18 0.003497
8 19 0.004297
8 20 0.005194
8 21 0.006178
8 22 0.007231
8 23 0.008331
8 24 0.009450
8 25 0.010556
8 26 0.011614
8 27 0.012587
8 28 0.013441
8 29 0.014142
8 30 0.014665
8 31 0.014987
8 32 0.015096
8 33 0.014987
8 34 0.014665
8 35 0.014142
8 36 0.013441
8 37 0.012587
8 38 0.011614
8 39 0.010556
8 40 0.009450
8 41 0.008331
8 42 0.007231
8 43 0.006178
8 44 0.005194
8 45 0.004297
8 46 0.003497
8 47 0.002799
8 48 0.002203
8 49 0.001705
8 50 0.001297
8 51 0.000970
8 52 0.000712
8 53 0.000514
8 54 0.000365
8 55 0.000254
8 56 0.000174
8 57 0.000117
8 58 0.000077
8 59 0.000049
8 60 0.000030
8 61 0.000017
8 62 0.000008
8 63 0.000000

9 0 0.000000
9 1 0.000007
9 2 0.000016
9 3 0.000028
9 4 0.000046
9 5 0.000073
9 6 0.000113
9 7 0.000171
9 8 0.000254
9 9 0.000371
9 10 0.000531
9 11 0.000747
9 12 0.001032
9 13 0.001402
9 14 0.001870
9 15 0.002453
9 16 0.003162
9 17 0.004007
9 18 0.004993
9 19 0.006121
9 20 0.007381
9 21 0.008758
9 22 0.010228
9 23 0.011759
9 24 0.013312
9 25 0.014843
9 26 0.016303
9 27 0.017644
9 28 0.018818
9 29 0.019781
9 30 0.020497
9 31 0.020938
9 32 0.021087
9 33 0.020938
9 34 0.020497
9 35 0.019781
9 36 0.018818
9 37 0.017644
9 38 0.016303
9 39 0.014843
9 40 0.013312
9 41 0.011759
9 42 0.010228
9 43 0.008758
9 44 0.007381
9 45 0.006121
9 46 0.004993
9 47 0.004007
9 48 0.003162
9 49 0.002453
9 50 0.001870
9 51 0.001402
9 52 0.001032
9 53 0.000747
9 54 0.000531
9 55 0.000371
9 56 0.000254
9 57 0.000171
9 58 0.000113
9 59 0.000072
9 60 0.000045
9 61 0.000026
9 62 0.000012
9 63 0.000000

10 0 0.000000
10 1 0.000010
10 2 0.000023
10 3 0.000041
10 4 0.000067
10 5 0.000106
10 6 0.000163
10 7 0.000246
10 8 0.000365
10 9 0.000531
10 10 0.000759
10 11 0.001065
10 12 0.001468
10 13 0.001989
10 14 0.002647
10 15 0.003463
10 16 0.004452
10 17 0.005628
10 18 0.006995
10 19 0.008552
10 20 0.010287
10 21 0.012175
10 22 0.014185
10 23 0.016271
10 24 0.018380
10 25 0.020452
10 26 0.022423
10 27 0.024229
10 28 0.025805
10 29 0.027097
10 30 0.028056
10 31 0.028647
10 32 0.028846
10 33 0.028647
10 34 0.028056
10 35 0.027097
10 36 0.025805
10 37 0.024229
10 38 0.022423
10 39 0.020452
10 40 0.018380
10 41 0.016271
10 42 0.014185
10 43 0.012175
10 44 0.010287
10 45 0.008552
10 46 0.006995
10 47 0.005628
10 48 0.004452
10 49 0.003463
10 50 0.002647
10 51 0.001989
10 52 0.001468
10 53 0.001065
10 54 0.000759
10 55 0.000531
10 56 0.000365
10 57 0.000246
10 58 0.000162
10 59 0.000104
10 60 0.000065
10 61 0.000037
10 62 0.000017
10 63 0.000000

11 0 0.000000
11 1 0.000015
11 2 0.000033
11 3 0.000058
11 4 0.000095
11 5 0.000150
11 6 0.000231
11 7 0.000348
11 8 0.000514
11 9 0.000747
11 10 0.001065
11 11 0.001491
11 12 0.002051
11 13 0.002771
11 14 0.003678
11 15 0.004799
11 16 0.006153
11 17 0.007757
11 18 0.009615
11 19 0.011723
11 20 0.014062
11 21 0.016600
11 22 0.019289
11 23 0.022070
11 24 0.024871
11 25 0.027615
11 26 0.030216
11 27 0.032591
11 28 0.034661
11 29 0.036352
11 30 0.037606
11 31 0.038378
11 32 0.038638
11 33 0.038378
11 34 0.037606
11 35 0.036352
11 36 0.034661
11 37 0.032591
11 38 0.030216
11 39 0.027615
11 40 0.024871
11 41 0.022070
11 42 0.019289
11 43 0.016600
11 44 0.014062
11 45 0.011723
11 46 0.009615
11 47 0.007757
11 48 0.006153
11 49 0.004799
11 50 0.003678
11 51 0.002771
11 52 0.002051
11 53 0.001491
11 54 0.001065
11 55 0.000747
11 56 0.000514
11 57 0.000347
11 58 0.000230
11 59 0.000148
11 60 0.000092
11 61 0.000053
11 62 0.000024
11 63 0.000000

12 0 0.000000
12 1 0.000021
12 2 0.000046
12 3 0.000081
12 4 0.000132
12 5 0.000209
12 6 0.000321
12 7 0.000483
12 8 0.000712
12 9 0.001032
12 10 0.001468
12 11 0.002051
12 12 0.002813
12 13 0.003791
12 14 0.005019
12 15 0.006530
12 16 0.008349
12 17 0.010494
12 18 0.012970
12 19 0.015767
12 20 0.018858
12 21 0.022196
12 22 0.025719
12 23 0.029347
12 24 0.032987
12 25 0.036537
12 26 0.039890
12 27 0.042943
12 28 0.045594
12 29 0.047756
12 30 0.049355
12 31 0.050338
12 32 0.050669
12 33 0.050338
12 34 0.049355
12 35 0.047756
12 36 0.045594
12 37 0.042943
12 38 0.039890
12 39 0.036537
12 40 0.032987
12 41 0.029347
12 42 0.025719
12 43 0.022196
12 44 0.018858
12 45 0.015767
12 46 0.012970
12 47 0.010494
12 48 0.008349
12 49 0.006530
12 50 0.005019
12 51 0.003791
12 52 0.002813
12 53 0.002051
12 54 0.001468
12 55 0.001032
12 56 0.000712
12 57 0.000482
12 58 0.000319
12 59 0.000206
12 60 0.000128
12 61 0.000074
12 62 0.000033
12 63 0.000000

13 0 0.000000
13 1 0.000028
13 2 0.000063
13 3 0.000111
13 4 0.000182
13 5 0.000286
13 6 0.000439
13 7 0.000659
13 8 0.000970
13 9 0.001402
13 10 0.001989
13 11 0.002771
13 12 0.003791
13 13 0.005095
13 14 0.006726
13 15 0.008725
13 16 0.011122
13 17 0.013937
13 18 0.017172
13 19 0.020810
13 20 0.024810
13 21 0.029111
13 22 0.033628
13 23 0.038257
13 24 0.042880
13 25 0.047369
13 26 0.051591
13 27 0.055419
13 28 0.058732
13 29 0.061426
13 30 0.063414
13 31 0.064634
13 32 0.065045
13 33 0.064634
13 34 0.063414
13 35 0.061426
13 36 0.058732
13 37 0.055419
13 38 0.051591
13 39 0.047369
13 40 0.042880
13 41 0.038257
13 42 0.033628
13 43 0.029111
13 44 0.024810
13 45 0.020810
13 46 0.017172
13 47 0.013937
13 48 0.011122
13 49 0.008725
13 50 0.006726
13 51 0.005095
13 52 0.003791
13 53 0.002771
13 54 0.001989
13 55 0.001402
13 56 0.000970
13 57 0.000658
13 58 0.000437
13 59 0.000282
13 60 0.000176
13 61 0.000101
13 62 0.000046
13 63 0.000000

14 0 0.000000
14 1 0.000038
14 2 0.000086
14 3 0.000150
14 4 0.000245
14 5 0.000385
14 6 0.000589
14 7 0.000883
14 8 0.001297
14 9 0.001870
14 10 0.002647
14 11 0.003678
14 12 0.005019
14 13 0.006726
14 14 0.008853
14 15 0.011449
14 16 0.014549
14 17 0.018173
14 18 0.022317
14 19 0.026955
14 20 0.032028
14 21 0.037454
14 22 0.043121
14 23 0.048898
14 24 0.054636
14 25 0.060178
14 26 0.065365
14 27 0.070045
14 28 0.074080
14 29 0.077349
14 30 0.079756
14 31 0.081228
14 32 0.081724
14 33 0.081228
14 34 0.079756
14 35 0.077349
14 36 0.074080
14 37 0.070045
14 38 0.065365
14 39 0.060178
14 40 0.054636
14 41 0.048898
14 42 0.043121
14 43 0.037454
14 44 0.032028
14 45 0.026955
14 46 0.022317
14 47 0.018173
14 48 0.014549
14 49 0.011449
14 50 0.008853
14 51 0.006726
14 52 0.005019
14 53 0.003678
14 54 0.002647
14 55 0.001870
14 56 0.001297
14 57 0.000882
14 58 0.000586
14 59 0.000380
14 60 0.000237
14 61 0.000137
14 62 0.000062
14 63 0.000000

15 0 0.000000
15 1 0.000051
15 2 0.000114
15 3 0.000200
15 4 0.000325
15 5 0.000509
15 6 0.000778
15 7 0.001163
15 8 0.001705
15 9 0.002453
15 10 0.003463
15 11 0.004799
15 12 0.006530
15 13 0.008725
15 14 0.011449
15 15 0.014759
15 16 0.018694
15 17 0.023270
15 18 0.028478
15 19 0.034272
15 20 0.040576
15 21 0.047277
15 22 0.054234
15 23 0.061282
15 24 0.068238
15 25 0.074915
15 26 0.081128
15 27 0.086703
15 28 0.091485
15 29 0.095343
15 30 0.098173
15 31 0.099901
15 32 0.100482
15 33 0.099901
15 34 0.098173
15 35 0.095343
15 36 0.091485
15 37 0.086703
15 38 0.081128
15 39 0.074915
15 40 0.068238
15 41 0.061282
15 42 0.054234
15 43 0.047277
15 44 0.040576
15 45 0.034272
15 46 0.028478
15 47 0.023270
15 48 0.018694
15 49 0.014759
15 50 0.011449
15 51 0.008725
15 52 0.006530
15 53 0.004799
15 54 0.003463
15 55 0.002453
15 56 0.001705
15 57 0.001162
15 58 0.000774
15 59 0.000502
15 60 0.000314
15 61 0.000181
15 62 0.000082
15 63 0.000000

16 0 0.000000
16 1 0.000067
16 2 0.000149
16 3 0.000261
16 4 0.000423
16 5 0.000662
16 6 0.001010
16 7 0.001507
16 8 0.002203
16 9 0.003162
16 10 0.004452
16 11 0.006153
16 12 0.008349
16 13 0.011122
16 14 0.014549
16 15 0.018694
16 16 0.023596
16 17 0.029269
16 18 0.035686
16 19 0.042785
16 20 0.050458
16 21 0.058561
16 22 0.066915
16 23 0.075317
16 24 0.083549
16 25 0.091394
16 26 0.098641
16 27 0.105101
16 28 0.110607
16 29 0.115026
16 30 0.118255
16 31 0.120220
16 32 0.120880
16 33 0.120220
16 34 0.118255
16 35 0.115026
16 36 0.110607
16 37 0.105101
16 38 0.098641
16 39 0.091394
16 40 0.083549
16 41 0.075317
16 42 0.066915
16 43 0.058561
16 44 0.050458
16 45 0.042785
16 46 0.035686
16 47 0.029269
16 48 0.023596
16 49 0.018694
16 50 0.014549
16 51 0.011122
16 52 0.008349
16 53 0.006153
16 54 0.004452
16 55 0.003161
16 56 0.002203
16 57 0.001505
16 58 0.001005
16 59 0.000653
16 60 0.000409
16 61 0.000237
16 62 0.000107
16 63 0.000000

17 0 0.000000
17 1 0.000086
17 2 0.000191
17 3 0.000335
17 4 0.000542
17 5 0.000847
17 6 0.001289
17 7 0.001919
17 8 0.002799
17 9 0.004007
17 10 0.005628
17 11 0.007757
17 12 0.010494
17 13 0.013937
17 14 0.018173
17 15 0.023270
17 16 0.029269
17 17 0.036169
17 18 0.043929
17 19 0.052455
17 20 0.061607
17 21 0.071198
17 22 0.081008
17 23 0.090792
17 24 0.100297
17 25 0.109275
17 26 0.117497
17 27 0.124765
17 28 0.130913
17 29 0.135814
17 30 0.139375
17 31 0.141534
17 32 0.142258
17 33 0.141534
17 34 0.139375
17 35 0.135814
17 36 0.130913
17 37 0.124765
17 38 0.117497
17 39 0.109275
17 40 0.100297
17 41 0.090792
17 42 0.081008
17 43 0.071198
17 44 0.061607
17 45 0.052455
17 46 0.043929
17 47 0.036169
17 48 0.029269
17 49 0.023270
17 50 0.018173
17 51 0.013937
17 52 0.010494
17 53 0.007757
17 54 0.005628
17 55 0.004007
17 56 0.002799
17 57 0.001916
17 58 0.001282
17 59 0.000835
17 60 0.000524
17 61 0.000303
17 62 0.000138
17 63 0.000000

18 0 0.000000
18 1 0.000109
18 2 0.000242
18 3 0.000422
18 4 0.000682
18 5 0.001065
18 6 0.001618
18 7 0.002403
18 8 0.003497
18 9 0.004993
18 10 0.006995
18 11 0.009615
18 12 0.012970
18 13 0.017172
18 14 0.022317
18 15 0.028478
18 16 0.035686
18 17 0.043929
18 18 0.053136
18 19 0.063180
18 20 0.073875
18 21 0.084989
18 22 0.096252
18 23 0.107377
18 24 0.118073
18 25 0.128070
18 26 0.137127
18 27 0.145050
18 28 0.151685
18 29 0.156928
18 30 0.160710
18 31 0.162992
18 32 0.163755
18 33 0.162992
18 34 0.160710
18 35 0.156928
18 36 0.151685
18 37 0.145050
18 38 0.137127
18 39 0.128070
18 40 0.118073
18 41 0.107377
18 42 0.096252
18 43 0.084989
18 44 0.073875
18 45 0.063180
18 46 0.053136
18 47 0.043929
18 48 0.035686
18 49 0.028478
18 50 0.022317
18 51 0.017172
18 52 0.012970
18 53 0.009615
18 54 0.006995
18 55 0.004993
18 56 0.003496
18 57 0.002399
18 58 0.001609
18 59 0.001049
18 60 0.000660
18 61 0.000383
18 62 0.000174
18 63 0.000000

19 0 0.000000
19 1 0.000135
19 2 0.000300
19 3 0.000524
19 4 0.000845
19 5 0.001317
19 6 0.001996
19 7 0.002959
19 8 0.004297
19 9 0.006121
19 10 0.008552
19 11 0.011723
19 12 0.015767
19 13 0.020810
19 14 0.026955
19 15 0.034272
19 16 0.042785
19 17 0.052455
19 18 0.063180
19 19 0.074785
19 20 0.087036
19 21 0.099644
19 22 0.112286
19 23 0.124629
19 24 0.136351
19 25 0.147163
19 26 0.156829
19 27 0.165168
19 28 0.172062
19 29 0.177444
19 30 0.181288
19 31 0.183591
19 32 0.184358
19 33 0.183591
19 34 0.181288
19 35 0.177444
19 36 0.172062
19 37 0.165168
19 38 0.156829
19 39 0.147163
19 40 0.136351
19 41 0.124629
19 42 0.112286
19 43 0.099644
19 44 0.087036
19 45 0.074785
19 46 0.063180
19 47 0.052455
19 48 0.042785
19 49 0.034272
19 50 0.026955
19 51 0.020810
19 52 0.015767
19 53 0.011723
19 54 0.008552
19 55 0.006121
19 56 0.004296
19 57 0.002954
19 58 0.001985
19 59 0.001297
19 60 0.000817
19 61 0.000474
19 62 0.000216
19 63 0.000000

20 0 0.000000
20 1 0.000165
20 2 0.000367
20 3 0.000639
20 4 0.001030
20 5 0.001601
20 6 0.002423
20 7 0.003584
20 8 0.005194
20 9 0.007381
20 10 0.010287
20 11 0.014062
20 12 0.018858
20 13 0.024810
20 14 0.032028
20 15 0.040576
20 16 0.050458
20 17 0.061607
20 18 0.073875
20 19 0.087036
20 20 0.100793
20 21 0.114796
20 22 0.128666
20 23 0.142023
20 24 0.154518
20 25 0.165856
20 26 0.175815
20 27 0.184253
20 28 0.191103
20 29 0.196362
20 30 0.200064
20 31 0.202258
20 32 0.202984
20 33 0.202258
20 34 0.200064
20 35 0.196362
20 36 0.191103
20 37 0.184253
20 38 0.175815
20 39 0.165856
20 40 0.154518
20 41 0.142023
20 42 0.128666
20 43 0.114796
20 44 0.100793
20 45 0.087036
20 46 0.073875
20 47 0.061607
20 48 0.050458
20 49 0.040576
20 50 0.032028
20 51 0.024810
20 52 0.018858
20 53 0.014062
20 54 0.010287
20 55 0.007381
20 56 0.005193
20 57 0.003579
20 58 0.002409
20 59 0.001576
20 60 0.000995
20 61 0.000579
20 62 0.000263
20 63 0.000000

21 0 0.000000
21 1 0.000199
21 2 0.000440
21 3 0.000767
21 4 0.001234
21 5 0.001916
21 6 0.002894
21 7 0.004272
21 8 0.006178
21 9 0.008758
21 10 0.012175
21 11 0.016600
21 12 0.022196
21 13 0.029111
21 14 0.037454
21 15 0.047277
21 16 0.058561
21 17 0.071198
21 18 0.084989
21 19 0.099644
21 20 0.114796
21 21 0.130028
21 22 0.144901
21 23 0.158992
21 24 0.171929
21 25 0.183424
21 26 0.193288
21 27 0.201436
21 28 0.207881
21 29 0.212704
21 30 0.216023
21 31 0.217956
21 32 0.218590
21 33 0.217956
21 34 0.216023
21 35 0.212704
21 36 0.207881
21 37 0.201436
21 38 0.193288
21 39 0.183424
21 40 0.171929
21 41 0.158992
21 42 0.144901
21 43 0.130028
21 44 0.114796
21 45 0.099644
21 46 0.084989
21 47 0.071198
21 48 0.058561
21 49 0.047277
21 50 0.037454
21 51 0.029111
21 52 0.022196
21 53 0.016600
21 54 0.012175
21 55 0.008758
21 56 0.006176
21 57 0.004265
21 58 0.002876
21 59 0.001885
21 60 0.001192
21 61 0.000694
21 62 0.000316
21 63 0.000000

22 0 0.000000
22 1 0.000235
22 2 0.000521
22 3 0.000905
22 4 0.001454
22 5 0.002255
22 6 0.003401
22 7 0.005011
22 8 0.007231
22 9 0.010228
22 10 0.014185
22 11 0.019289
22 12 0.025719
22 13 0.033628
22 14 0.043121
22 15 0.054234
22 16 0.066915
22 17 0.081008
22 18 0.096252
22 19 0.112286
22 20 0.128666
22 21 0.144901
22 22 0.160491
22 23 0.174972
22 24 0.187962
22 25 0.199189
22 26 0.208517
22 27 0.215945
22 28 0.221584
22 29 0.225627
22 30 0.228298
22 31 0.229803
22 32 0.230288
22 33 0.229803
22 34 0.228298
22 35 0.225627
22 36 0.221584
22 37 0.215945
22 38 0.208517
22 39 0.199189
22 40 0.187962
22 41 0.174972
22 42 0.160491
22 43 0.144901
22 44 0.128666
22 45 0.112286
22 46 0.096252
22 47 0.081008
22 48 0.066915
22 49 0.054234
22 50 0.043121
22 51 0.033628
22 52 0.025719
22 53 0.019289
22 54 0.014185
22 55 0.010228
22 56 0.007229
22 57 0.005002
22 58 0.003379
22 59 0.002219
22 60 0.001405
22 61 0.000819
22 62 0.000373
22 63 0.000000

23 0 0.000000
23 1 0.000274
23 2 0.000605
23 3 0.001052
23 4 0.001687
23 5 0.002612
23 6 0.003933
23 7 0.005785
23 8 0.008331
23 9 0.011759
23 10 0.016271
23 11 0.022070
23 12 0.029347
23 13 0.038257
23 14 0.048898
23 15 0.061282
23 16 0.075317
23 17 0.090792
23 18 0.107377
23 19 0.124629
23 20 0.142023
23 21 0.158992
23 22 0.174972
23 23 0.189466
23 24 0.202086
23 25 0.212596
23 26 0.220931
23 27 0.227191
23 28 0.231615
23 29 0.234529
23 30 0.236287
23 31 0.237198
23 32 0.237477
23 33 0.237198
23 34 0.236287
23 35 0.234529
23 36 0.231615
23 37 0.227191
23 38 0.220931
23 39 0.212596
23 40 0.202086
23 41 0.189466
23 42 0.174972
23 43 0.158992
23 44 0.142023
23 45 0.124629
23 46 0.107377
23 47 0.090792
23 48 0.075317
23 49 0.061282
23 50 0.048898
23 51 0.038257
23 52 0.029347
23 53 0.022070
23 54 0.016271
23 55 0.011759
23 56 0.008328
23 57 0.005774
23 58 0.003907
23 59 0.002569
23 60 0.001629
23 61 0.000951
23 62 0.000434
23 63 0.000000

24 0 0.000000
24 1 0.000313
24 2 0.000693
24 3 0.001202
24 4 0.001926
24 5 0.002977
24 6 0.004477
24 7 0.006574
24 8 0.009450
24 9 0.013312
24 10 0.018380
24 11 0.024871
24 12 0.032987
24 13 0.042880
24 14 0.054636
24 15 0.068238
24 16 0.083549
24 17 0.100297
24 18 0.118073
24 19 0.136351
24 20 0.154518
24 21 0.171929
24 22 0.187962
24 23 0.202086
24 24 0.213922
24 25 0.223280
24 26 0.230184
24 27 0.234858
24 28 0.237686
24 29 0.239151
24 30 0.239750
24 31 0.239914
24 32 0.239935
24 33 0.239914
24 34 0.239750
24 35 0.239151
24 36 0.237686
24 37 0.234858
24 38 0.230184
24 39 0.223280
24 40 0.213922
24 41 0.202086
24 42 0.187962
24 43 0.171929
24 44 0.154518
24 45 0.136351
24 46 0.118073
24 47 0.100297
24 48 0.083549
24 49 0.068238
24 50 0.054636
24 51 0.042880
24 52 0.032987
24 53 0.024871
24 54 0.018380
24 55 0.013312
24 56 0.009447
24 57 0.006562
24 58 0.004447
24 59 0.002928
24 60 0.001859
24 61 0.001087
24 62 0.000496
24 63 0.000000

25 0 0.000000
25 1 0.000353
25 2 0.000780
25 3 0.001352
25 4 0.002164
25 5 0.003341
25 6 0.005017
25 7 0.007355
25 8 0.010556
25 9 0.014843
25 10 0.020452
25 11 0.027615
25 12 0.036537
25 13 0.047369
25 14 0.060178
25 15 0.074915
25 16 0.091394
25 17 0.109275
25 18 0.128070
25 19 0.147163
25 20 0.165856
25 21 0.183424
25 22 0.199189
25 23 0.212596
25 24 0.223280
25 25 0.231112
25 26 0.236216
25 27 0.238954
25 28 0.239875
25 29 0.239628
25 30 0.238872
25 31 0.238166
25 32 0.237887
25 33 0.238166
25 34 0.238872
25 35 0.239628
25 36 0.239875
25 37 0.238954
25 38 0.236216
25 39 0.231112
25 40 0.223280
25 41 0.212596
25 42 0.199189
25 43 0.183424
25 44 0.165856
25 45 0.147163
25 46 0.128070
25 47 0.109275
25 48 0.091394
25 49 0.074915
25 50 0.060178
25 51 0.047369
25 52 0.036537
25 53 0.027615
25 54 0.020452
25 55 0.014842
25 56 0.010552
25 57 0.007342
25 58 0.004983
25 59 0.003285
25 60 0.002089
25 61 0.001222
25 62 0.000558
25 63 0.000000

26 0 0.000000
26 1 0.000391
26 2 0.000864
26 3 0.001497
26 4 0.002393
26 5 0.003691
26 6 0.005536
26 7 0.008105
26 8 0.011614
26 9 0.016303
26 10 0.022423
26 11 0.030216
26 12 0.039890
26 13 0.051591
26 14 0.065365
26 15 0.081128
26 16 0.098641
26 17 0.117497
26 18 0.137127
26 19 0.156829
26 20 0.175815
26 21 0.193288
26 22 0.208517
26 23 0.220931
26 24 0.230184
26 25 0.236216
26 26 0.239260
26 27 0.239827
26 28 0.238633
26 29 0.236507
26 30 0.234271
26 31 0.232618
26 32 0.232013
26 33 0.232618
26 34 0.234271
26 35 0.236507
26 36 0.238633
26 37 0.239827
26 38 0.239260
26 39 0.236216
26 40 0.230184
26 41 0.220931
26 42 0.208517
26 43 0.193288
26 44 0.175815
26 45 0.156829
26 46 0.137127
26 47 0.117497
26 48 0.098641
26 49 0.081128
26 50 0.065365
26 51 0.051591
26 52 0.039890
26 53 0.030216
26 54 0.022423
26 55 0.016303
26 56 0.011610
26 57 0.008089
26 58 0.005497
26 59 0.003628
26 60 0.002310
26 61 0.001352
26 62 0.000618
26 63 0.000000

27 0 0.000000
27 1 0.000427
27 2 0.000942
27 3 0.001631
27 4 0.002605
27 5 0.004014
27 6 0.006015
27 7 0.008795
27 8 0.012587
27 9 0.017644
27 10 0.024229
27 11 0.032591
27 12 0.042943
27 13 0.055419
27 14 0.070045
27 15 0.086703
27 16 0.105101
27 17 0.124765
27 18 0.145050
27 19 0.165168
27 20 0.184253
27 21 0.201436
27 22 0.215945
27 23 0.227191
27 24 0.234858
27 25 0.238954
27 26 0.239827
27 27 0.238132
27 28 0.234755
27 29 0.230700
27 30 0.226950
27 31 0.224333
27 32 0.223396
27 33 0.224333
27 34 0.226950
27 35 0.230700
27 36 0.234755
27 37 0.238132
27 38 0.239827
27 39 0.238954
27 40 0.234858
27 41 0.227191
27 42 0.215945
27 43 0.201436
27 44 0.184253
27 45 0.165168
27 46 0.145050
27 47 0.124765
27 48 0.105101
27 49 0.086703
27 50 0.070045
27 51 0.055419
27 52 0.042943
27 53 0.032591
27 54 0.024228
27 55 0.017643
27 56 0.012583
27 57 0.008778
27 58 0.005972
27 59 0.003946
27 60 0.002514
27 61 0.001473
27 62 0.000673
27 63 0.000000

28 0 0.000000
28 1 0.000458
28 2 0.001011
28 3 0.001749
28 4 0.002792
28 5 0.004299
28 6 0.006436
28 7 0.009402
28 8 0.013441
28 9 0.018818
28 10 0.025805
28 11 0.034661
28 12 0.045594
28 13 0.058732
28 14 0.074080
28 15 0.091485
28 16 0.110607
28 17 0.130913
28 18 0.151685
28 19 0.172062
28 20 0.191103
28 21 0.207881
28 22 0.221584
28 23 0.231615
28 24 0.237686
28 25 0.239875
28 26 0.238633
28 27 0.234755
28 28 0.229284
28 29 0.223386
28 30 0.218196
28 31 0.214660
28 32 0.213409
28 33 0.214660
28 34 0.218196
28 35 0.223386
28 36 0.229284
28 37 0.234755
28 38 0.238633
28 39 0.239875
28 40 0.237686
28 41 0.231615
28 42 0.221584
28 43 0.207881
28 44 0.191103
28 45 0.172062
28 46 0.151685
28 47 0.130913
28 48 0.110607
28 49 0.091485
28 50 0.074080
28 51 0.058732
28 52 0.045594
28 53 0.034661
28 54 0.025805
28 55 0.018817
28 56 0.013436
28 57 0.009384
28 58 0.006390
28 59 0.004225
28 60 0.002695
28 61 0.001580
28 62 0.000722
28 63 0.000000

29 0 0.000000
29 1 0.000484
29 2 0.001068
29 3 0.001847
29 4 0.002946
29 5 0.004534
29 6 0.006783
29 7 0.009902
29 8 0.014142
29 9 0.019781
29 10 0.027097
29 11 0.036352
29 12 0.047756
29 13 0.061426
29 14 0.077349
29 15 0.095343
29 16 0.115026
29 17 0.135814
29 18 0.156928
29 19 0.177444
29 20 0.196362
29 21 0.212704
29 22 0.225627
29 23 0.234529
29 24 0.239151
29 25 0.239628
29 26 0.236507
29 27 0.230700
29 28 0.223386
29 29 0.215872
29 30 0.209420
29 31 0.205082
29 32 0.203555
29 33 0.205082
29 34 0.209420
29 35 0.215872
29 36 0.223386
29 37 0.230700
29 38 0.236507
29 39 0.239628
29 40 0.239151
29 41 0.234529
29 42 0.225627
29 43 0.212704
29 44 0.196362
29 45 0.177444
29 46 0.156928
29 47 0.135814
29 48 0.115026
29 49 0.095343
29 50 0.077349
29 51 0.061426
29 52 0.047756
29 53 0.036352
29 54 0.027097
29 55 0.019780
29 56 0.014137
29 57 0.009882
29 58 0.006734
29 59 0.004456
29 60 0.002844
29 61 0.001668
29 62 0.000763
29 63 0.000000

30 0 0.000000
30 1 0.000504
30 2 0.001111
30 3 0.001921
30 4 0.003062
30 5 0.004710
30 6 0.007042
30 7 0.010274
30 8 0.014665
30 9 0.020497
30 10 0.028056
30 11 0.037606
30 12 0.049355
30 13 0.063414
30 14 0.079756
30 15 0.098173
30 16 0.118255
30 17 0.139375
30 18 0.160710
30 19 0.181288
30 20 0.200064
30 21 0.216023
30 22 0.228298
30 23 0.236287
30 24 0.239750
30 25 0.238872
30 26 0.234271
30 27 0.226950
30 28 0.218196
30 29 0.209420
30 30 0.201984
30 31 0.197022
30 32 0.195280
30 33 0.197022
30 34 0.201984
30 35 0.209420
30 36 0.218196
30 37 0.226950
30 38 0.234271
30 39 0.238872
30 40 0.239750
30 41 0.236287
30 42 0.228298
30 43 0.216023
30 44 0.200064
30 45 0.181288
30 46 0.160710
30 47 0.139375
30 48 0.118255
30 49 0.098173
30 50 0.079756
30 51 0.063414
30 52 0.049355
30 53 0.037606
30 54 0.028056
30 55 0.020496
30 56 0.014659
30 57 0.010254
30 58 0.006991
30 59 0.004628
30 60 0.002955
30 61 0.001734
30 62 0.000793
30 63 0.000000

31 0 0.000000
31 1 0.000516
31 2 0.001137
31 3 0.001966
31 4 0.003133
31 5 0.004818
31 6 0.007202
31 7 0.010504
31 8 0.014987
31 9 0.020938
31 10 0.028647
31 11 0.038378
31 12 0.050338
31 13 0.064634
31 14 0.081228
31 15 0.099901
31 16 0.120220
31 17 0.141534
31 18 0.162992
31 19 0.183591
31 20 0.202258
31 21 0.217956
31 22 0.229803
31 23 0.237198
31 24 0.239914
31 25 0.238166
31 26 0.232618
31 27 0.224333
31 28 0.214660
31 29 0.205082
31 30 0.197022
31 31 0.191662
31 32 0.189785
31 33 0.191662
31 34 0.197022
31 35 0.205082
31 36 0.214660
31 37 0.224333
31 38 0.232618
31 39 0.238166
31 40 0.239914
31 41 0.237198
31 42 0.229803
31 43 0.217956
31 44 0.202258
31 45 0.183591
31 46 0.162992
31 47 0.141534
31 48 0.120220
31 49 0.099901
31 50 0.081228
31 51 0.064634
31 52 0.050338
31 53 0.038378
31 54 0.028646
31 55 0.020937
31 56 0.014981
31 57 0.010483
31 58 0.007150
31 59 0.004735
31 60 0.003024
31 61 0.001774
31 62 0.000812
31 63 0.000000

32 0 0.000000
32 1 0.000520
32 2 0.001146
32 3 0.001981
32 4 0.003157
32 5 0.004855
32 6 0.007257
32 7 0.010582
32 8 0.015096
32 9 0.021087
32 10 0.028846
32 11 0.038638
32 12 0.050669
32 13 0.065045
32 14 0.081724
32 15 0.100482
32 16 0.120880
32 17 0.142258
32 18 0.163755
32 19 0.184358
32 20 0.202984
32 21 0.218590
32 22 0.230288
32 23 0.237477
32 24 0.239935
32 25 0.237887
32 26 0.232013
32 27 0.223396
32 28 0.213409
32 29 0.203555
32 30 0.195280
32 31 0.189785
32 32 0.187860
32 33 0.189785
32 34 0.195280
32 35 0.203555
32 36 0.213409
32 37 0.223396
32 38 0.232013
32 39 0.237887
32 40 0.239935
32 41 0.237477
32 42 0.230288
32 43 0.218590
32 44 0.202984
32 45 0.184358
32 46 0.163755
32 47 0.142258
32 48 0.120880
32 49 0.100482
32 50 0.081724
32 51 0.065045
32 52 0.050669
32 53 0.038638
32 54 0.028846
32 55 0.021086
32 56 0.015090
32 57 0.010560
32 58 0.007203
32 59 0.004771
32 60 0.003047
32 61 0.001788
32 62 0.000818
32 63 0.000000

33 0 0.000000
33 1 0.000516
33 2 0.001137
33 3 0.001966
33 4 0.003133
33 5 0.004818
33 6 0.007202
33 7 0.010504
33 8 0.014987
33 9 0.020938
33 10 0.028647
33 11 0.038378
33 12 0.050338
33 13 0.064634
33 14 0.081228
33 15 0.099901
33 16 0.120220
33 17 0.141534
33 18 0.162992
33 19 0.183591
33 20 0.202258
33 21 0.217956
33 22 0.229803
33 23 0.237198
33 24 0.239914
33 25 0.238166
33 26 0.232618
33 27 0.224333
33 28 0.214660
33 29 0.205082
33 30 0.197022
33 31 0.191662
33 32 0.189785
33 33 0.191662
33 34 0.197022
33 35 0.205082
33 36 0.214660
33 37 0.224333
33 38 0.232618
33 39 0.238166
33 40 0.239914
33 41 0.237198
33 42 0.229803
33 43 0.217956
33 44 0.202258
33 45 0.183591
33 46 0.162992
33 47 0.141534
33 48 0.120220
33 49 0.099901
33 50 0.081228
33 51 0.064634
33 52 0.050338
33 53 0.038378
33 54 0.028646
33 55 0.020937
33 56 0.014981
33 57 0.010483
33 58 0.007150
33 59 0.004735
33 60 0.003024
33 61 0.001774
33 62 0.000812
33 63 0.000000

34 0 0.000000
34 1 0.000504
34 2 0.001111
34 3 0.001921
34 4 0.003062
34 5 0.004710
34 6 0.007042
34 7 0.010274
34 8 0.014665
34 9 0.020497
34 10 0.028056
34 11 0.037606
34 12 0.049355
34 13 0.063414
34 14 0.079756
34 15 0.098173
34 16 0.118255
34 17 0.139375
34 18 0.160710
34 19 0.181288
34 20 0.200064
34 21 0.216023
34 22 0.228298
34 23 0.236287
34 24 0.239750
34 25 0.238872
34 26 0.234271
34 27 0.226950
34 28 0.218196
34 29 0.209420
34 30 0.201984
34 31 0.197022
34 32 0.195280
34 33 0.197022
34 34 0.201984
34 35 0.209420
34 36 0.218196
34 37 0.226950
34 38 0.234271
34 39 0.238872
34 40 0.239750
34 41 0.236287
34 42 0.228298
34 43 0.216023
34 44 0.200064
34 45 0.181288
34 46 0.160710
34 47 0.139375
34 48 0.118255
34 49 0.098173
34 50 0.079756
34 51 0.063414
34 52 0.049355
34 53 0.037606
34 54 0.028056
34 55 0.020496
34 56 0.014659
34 57 0.010254
34 58 0.006991
34 59 0.004628
34 60 0.002955
34 61 0.001734
34 62 0.000793
34 63 0.000000

35 0 0.000000
35 1 0.000484
35 2 0.001068
35 3 0.001847
35 4 0.002946
35 5 0.004534
35 6 0.006783
35 7 0.009902
35 8 0.014142
35 9 0.019781
35 10 0.027097
35 11 0.036352
35 12 0.047756
35 13 0.061426
35 14 0.077349
35 15 0.095343
35 16 0.115026
35 17 0.135814
35 18 0.156928
35 19 0.177444
35 20 0.196362
35 21 0.212704
35 22 0.225627
35 23 0.234529
35 24 0.239151
35 25 0.239628
35 26 0.236507
35 27 0.230700
35 28 0.223386
35 29 0.215872
35 30 0.209420
35 31 0.205082
35 32 0.203555
35 33 0.205082
35 34 0.209420
35 35 0.215872
35 36 0.223386
35 37 0.230700
35 38 0.236507
35 39 0.239628
35 40 0.239151
35 41 0.234529
35 42 0.225627
35 43 0.212704
35 44 0.196362
35 45 0.177444
35 46 0.156928
35 47 0.135814
35 48 0.115026
35 49 0.095343
35 50 0.077349
35 51 0.061426
35 52 0.047756
35 53 0.036352
35 54 0.027097
35 55 0.019780
35 56 0.014137
35 57 0.009882
35 58 0.006734
35 59 0.004456
35 60 0.002844
35 61 0.001668
35 62 0.000763
35 63 0.000000

36 0 0.000000
36 1 0.000458
36 2 0.001011
36 3 0.001749
36 4 0.002792
36 5 0.004299
36 6 0.006436
36 7 0.009402
36 8 0.013441
36 9 0.018818
36 10 0.025805
36 11 0.034661
36 12 0.045594
36 13 0.058732
36 14 0.074080
36 15 0.091485
36 16 0.110607
36 17 0.130913
36 18 0.151685
36 19 0.172062
36 20 0.191103
36 21 0.207881
36 22 0.221584
36 23 0.231615
36 24 0.237686
36 25 0.239875
36 26 0.238633
36 27 0.234755
36 28 0.229284
36 29 0.223386
36 30 0.218196
36 31 0.214660
36 32 0.213409
36 33 0.214660
36 34 0.218196
36 35 0.223386
36 36 0.229284
36 37 0.234755
36 38 0.238633
36 39 0.239875
36 40 0.237686
36 41 0.231615
36 42 0.221584
36 43 0.207881
36 44 0.191103
36 45 0.172062
36 46 0.151685
36 47 0.130913
36 48 0.110607
36 49 0.091485
36 50 0.074080
36 51 0.058732
36 52 0.045594
36 53 0.034661
36 54 0.025805
36 55 0.018817
36 56 0.013436
36 57 0.009384
36 58 0.006390
36 59 0.004225
36 60 0.002695
36 61 0.001580
36 62 0.000722
36 63 0.000000

37 0 0.000000
37 1 0.000427
37 2 0.000942
37 3 0.001631
37 4 0.002605
37 5 0.004014
37 6 0.006015
37 7 0.008795
37 8 0.012587
37 9 0.017644
37 10 0.024229
37 11 0.032591
37 12 0.042943
37 13 0.055419
37 14 0.070045
37 15 0.086703
37 16 0.105101
37 17 0.124765
37 18 0.145050
37 19 0.165168
37 20 0.184253
37 21 0.201436
37 22 0.215945
37 23 0.227191
37 24 0.234858
37 25 0.238954
37 26 0.239827
37 27 0.238132
37 28 0.234755
37 29 0.230700
37 30 0.226950
37 31 0.224333
37 32 0.223396
37 33 0.224333
37 34 0.226950
37 35 0.230700
37 36 0.234755
37 37 0.238132
37 38 0.239827
37 39 0.238954
37 40 0.234858
37 41 0.227191
37 42 0.215945
37 43 0.201436
37 44 0.184253
37 45 0.165168
37 46 0.145050
37 47 0.124765
37 48 0.105101
37 49 0.086703
37 50 0.070045
37 51 0.055419
37 52 0.042943
37 53 0.032591
37 54 0.024228
37 55 0.017643
37 56 0.012583
37 57 0.008778
37 58 0.005972
37 59 0.003946
37 60 0.002514
37 61 0.001473
37 62 0.000673
37 63 0.000000

38 0 0.000000
38 1 0.000391
38 2 0.000864
38 3 0.001497
38 4 0.002393
38 5 0.003691
38 6 0.005536
38 7 0.008105
38 8 0.011614
38 9 0.016303
38 10 0.022423
38 11 0.030216
38 12 0.039890
38 13 0.051591
38 14 0.065365
38 15 0.081128
38 16 0.098641
38 17 0.117497
38 18 0.137127
38 19 0.156829
38 20 0.175815
38 21 0.193288
38 22 0.208517
38 23 0.220931
38 24 0.230184
38 25 0.236216
38 26 0.239260
38 27 0.239827
38 28 0.238633
38 29 0.236507
38 30 0.234271
38 31 0.232618
38 32 0.232013
38 33 0.232618
38 34 0.234271
38 35 0.236507
38 36 0.238633
38 37 0.239827
38 38 0.239260
38 39 0.236216
38 40 0.230184
38 41 0.220931
38 42 0.208517
38 43 0.193288
38 44 0.175815
38 45 0.156829
38 46 0.137127
38 47 0.117497
38 48 0.098641
38 49 0.081128
38 50 0.065365
38 51 0.051591
38 52 0.039890
38 53 0.030216
38 54 0.022423
38 55 0.016303
38 56 0.011610
38 57 0.008089
38 58 0.005497
38 59 0.003628
38 60 0.002310
38 61 0.001352
38 62 0.000618
38 63 0.000000

39 0 0.000000
39 1 0.000353
39 2 0.000780
39 3 0.001352
39 4 0.002164
39 5 0.003341
39 6 0.005017
39 7 0.007355
39 8 0.010556
39 9 0.014843
39 10 0.020452
39 11 0.027615
39 12 0.036537
39 13 0.047369
39 14 0.060178
39 15 0.074915
39 16 0.091394
39 17 0.109275
39 18 0.128070
39 19 0.147163
39 20 0.165856
39 21 0.183424
39 22 0.199189
39 23 0.212596
39 24 0.223280
39 25 0.231112
39 26 0.236216
39 27 0.238954
39 28 0.239875
39 29 0.239628
39 30 0.238872
39 31 0.238166
39 32 0.237887
39 33 0.238166
39 34 0.238872
39 35 0.239628
39 36 0.239875
39 37 0.238954
39 38 0.236216
39 39 0.231112
39 40 0.223280
39 41 0.212596
39 42 0.199189
39 43 0.183424
39 44 0.165856
39 45 0.147163
39 46 0.128070
39 47 0.109275
39 48 0.091394
39 49 0.074915
39 50 0.060178
39 51 0.047369
39 52 0.036537
39 53 0.027615
39 54 0.020452
39 55 0.014842
39 56 0.010552
39 57 0.007342
39 58 0.004983
39 59 0.003285
39 60 0.002089
39 61 0.001222
39 62 0.000558
39 63 0.000000

40 0 0.000000
40 1 0.000313
40 2 0.000693
40 3 0.001202
40 4 0.001926
40 5 0.002977
40 6 0.004477
40 7 0.006574
40 8 0.009450
40 9 0.013312
40 10 0.018380
40 11 0.024871
40 12 0.032987
40 13 0.042880
40 14 0.054636
40 15 0.068238
40 16 0.083549
40 17 0.100297
40 18 0.118073
40 19 0.136351
40 20 0.154518
40 21 0.171929
40 22 0.187962
40 23 0.202086
40 24 0.213922
40 25 0.223280
40 26 0.230184
40 27 0.234858
40 28 0.237686
40 29 0.239151
40 30 0.239750
40 31 0.239914
40 32 0.239935
40 33 0.239914
40 34 0.239750
40 35 0.239151
40 36 0.237686
40 37 0.234858
40 38 0.230184
40 39 0.223280
40 40 0.213922
40 41 0.202086
40 42 0.187962
40 43 0.171929
40 44 0.154518
40 45 0.136351
40 46 0.118073
40 47 0.100297
40 48 0.083549
40 49 0.068238
40 50 0.054636
40 51 0.042880
40 52 0.032987
40 53 0.024871
40 54 0.018380
40 55 0.013312
40 56 0.009447
40 57 0.006562
40 58 0.004447
40 59 0.002928
40 60 0.001859
40 61 0.001087
40 62 0.000496
40 63 0.000000

41 0 0.000000
41 1 0.000274
41 2 0.000605
41 3 0.001052
41 4 0.001687
41 5 0.002612
41 6 0.003933
41 7 0.005785
41 8 0.008331
41 9 0.011759
41 10 0.016271
41 11 0.022070
41 12 0.029347
41 13 0.038257
41 14 0.048898
41 15 0.061282
41 16 0.075317
41 17 0.090792
41 18 0.107377
41 19 0.124629
41 20 0.142023
41 21 0.158992
41 22 0.174972
41 23 0.189466
41 24 0.202086
41 25 0.212596
41 26 0.220931
41 27 0.227191
41 28 0.231615
41 29 0.234529
41 30 0.236287
41 31 0.237198
41 32 0.237477
41 33 0.237198
41 34 0.236287
41 35 0.234529
41 36 0.231615
41 37 0.227191
41 38 0.220931
41 39 0.212596
41 40 0.202086
41 41 0.189466
41 42 0.174972
41 43 0.158992
41 44 0.142023
41 45 0.124629
41 46 0.107377
41 47 0.090792
41 48 0.075317
41 49 0.061282
41 50 0.048898
41 51 0.038257
41 52 0.029347
41 53 0.022070
41 54 0.016271
41 55 0.011759
41 56 0.008328
41 57 0.005774
41 58 0.003907
41 59 0.002569
41 60 0.001629
41 61 0.000951
41 62 0.000434
41 63 0.000000

42 0 0.000000
42 1 0.000235
42 2 0.000521
42 3 0.000905
42 4 0.001454
42 5 0.002255
42 6 0.003401
42 7 0.005011
42 8 0.007231
42 9 0.010228
42 10 0.014185
42 11 0.019289
42 12 0.025719
42 13 0.033628
42 14 0.043121
42 15 0.054234
42 16 0.066915
42 17 0.081008
42 18 0.096252
42 19 0.112286
42 20 0.128666
42 21 0.144901
42 22 0.160491
42 23 0.174972
42 24 0.187962
42 25 0.199189
42 26 0.208517
42 27 0.215945
42 28 0.221584
42 29 0.225627
42 30 0.228298
42 31 0.229803
42 32 0.230288
42 33 0.229803
42 34 0.228298
42 35 0.225627
42 36 0.221584
42 37 0.215945
42 38 0.208517
42 39 0.199189
42 40 0.187962
42 41 0.174972
42 42 0.160491
42 43 0.144901
42 44 0.128666
42 45 0.112286
42 46 0.096252
42 47 0.081008
42 48 0.066915
42 49 0.054234
42 50 0.043121
42 51 0.033628
42 52 0.025719
42 53 0.019289
42 54 0.014185
42 55 0.010228
42 56 0.007229
42 57 0.005002
42 58 0.003379
42 59 0.002219
42 60 0.001405
42 61 0.000819
42 62 0.000373
42 63 0.000000

43 0 0.000000
43 1 0.000199
43 2 0.000440
43 3 0.000767
43 4 0.001234
43 5 0.001916
43 6 0.002894
43 7 0.004272
43 8 0.006178
43 9 0.008758
43 10 0.012175
43 11 0.016600
43 12 0.022196
43 13 0.029111
43 14 0.037454
43 15 0.047277
43 16 0.058561
43 17 0.071198
43 18 0.084989
43 19 0.099644
43 20 0.114796
43 21 0.130028
43 22 0.144901
43 23 0.158992
43 24 0.171929
43 25 0.183424
43 26 0.193288
43 27 0.201436
43 28 0.207881
43 29 0.212704
43 30 0.216023
43 31 0.217956
43 32 0.218590
43 33 0.217956
43 34 0.216023
43 35 0.212704
43 36 0.207881
43 37 0.201436
43 38 0.193288
43 39 0.183424
43 40 0.171929
43 41 0.158992
43 42 0.144901
43 43 0.130028
43 44 0.114796
43 45 0.099644
43 46 0.084989
43 47 0.071198
43 48 0.058561
43 49 0.047277
43 50 0.037454
43 51 0.029111
43 52 0.022196
43 53 0.016600
43 54 0.012175
43 55 0.008758
43 56 0.006176
43 57 0.004265
43 58 0.002876
43 59 0.001885
43 60 0.001192
43 61 0.000694
43 62 0.000316
43 63 0.000000

44 0 0.000000
44 1 0.000165
44 2 0.000367
44 3 0.000639
44 4 0.001030
44 5 0.001601
44 6 0.002423
44 7 0.003584
44 8 0.005194
44 9 0.007381
44 10 0.010287
44 11 0.014062
44 12 0.018858
44 13 0.024810
44 14 0.032028
44 15 0.040576
44 16 0.050458
44 17 0.061607
44 18 0.073875
44 19 0.087036
44 20 0.100793
44 21 0.114796
44 22 0.128666
44 23 0.142023
44 24 0.154518
44 25 0.165856
44 26 0.175815
44 27 0.184253
44 28 0.191103
44 29 0.196362
44 30 0.200064
44 31 0.202258
44 32 0.202984
44 33 0.202258
44 34 0.200064
44 35 0.196362
44 36 0.191103
44 37 0.184253
44 38 0.175815
44 39 0.165856
44 40 0.154518
44 41 0.142023
44 42 0.128666
44 43 0.114796
44 44 0.100793
44 45 0.087036
44 46 0.073875
44 47 0.061607
44 48 0.050458
44 49 0.040576
44 50 0.032028
44 51 0.024810
44 52 0.018858
44 53 0.014062
44 54 0.010287
44 55 0.007381
44 56 0.005193
44 57 0.003579
44 58 0.002409
44 59 0.001576
44 60 0.000995
44 61 0.000579
44 62 0.000263
44 63 0.000000

45 0 0.000000
45 1 0.000135
45 2 0.000300
45 3 0.000524
45 4 0.000845
45 5 0.001317
45 6 0.001996
45 7 0.002959
45 8 0.004297
45 9 0.006121
45 10 0.008552
45 11 0.011723
45 12 0.015767
45 13 0.020810
45 14 0.026955
45 15 0.034272
45 16 0.042785
45 17 0.052455
45 18 0.063180
45 19 0.074785
45 20 0.087036
45 21 0.099644
45 22 0.112286
45 23 0.124629
45 24 0.136351
45 25 0.147163
45 26 0.156829
45 27 0.165168
45 28 0.172062
45 29 0.177444
45 30 0.181288
45 31 0.183591
45 32 0.184358
45 33 0.183591
45 34 0.181288
45 35 0.177444
45 36 0.172062
45 37 0.165168
45 38 0.156829
45 39 0.147163
45 40 0.136351
45 41 0.124629
45 42 0.112286
45 43 0.099644
45 44 0.087036
45 45 0.074785
45 46 0.063180
45 47 0.052455
45 48 0.042785
45 49 0.034272
45 50 0.026955
45 51 0.020810
45 52 0.015767
45 53 0.011723
45 54 0.008552
45 55 0.006121
45 56 0.004296
45 57 0.002954
45 58 0.001985
45 59 0.001297
45 60 0.000817
45 61 0.000474
45 62 0.000216
45 63 0.000000

46 0 0.000000
46 1 0.000109
46 2 0.000242
46 3 0.000422
46 4 0.000682
46 5 0.001065
46 6 0.001618
46 7 0.002403
46 8 0.003497
46 9 0.004993
46 10 0.006995
46 11 0.009615
46 12 0.012970
46 13 0.017172
46 14 0.022317
46 15 0.028478
46 16 0.035686
46 17 0.043929
46 18 0.053136
46 19 0.063180
46 20 0.073875
46 21 0.084989
46 22 0.096252
46 23 0.107377
46 24 0.118073
46 25 0.128070
46 26 0.137127
46 27 0.145050
46 28 0.151685
46 29 0.156928
46 30 0.160710
46 31 0.162992
46 32 0.163755
46 33 0.162992
46 34 0.160710
46 35 0.156928
46 36 0.151685
46 37 0.145050
46 38 0.137127
46 39 0.128070
46 40 0.118073
46 41 0.107377
46 42 0.096252
46 43 0.084989
46 44 0.073875
46 45 0.063180
46 46 0.053136
46 47 0.043929
46 48 0.035686
46 49 0.028478
46 50 0.022317
46 51 0.017172
46 52 0.012970
46 53 0.009615
46 54 0.006995
46 55 0.004993
46 56 0.003496
46 57 0.002399
46 58 0.001609
46 59 0.001049
46 60 0.000660
46 61 0.000383
46 62 0.000174
46 63 0.000000

47 0 0.000000
47 1 0.000086
47 2 0.000191
47 3 0.000335
47 4 0.000542
47 5 0.000847
47 6 0.001289
47 7 0.001919
47 8 0.002799
47 9 0.004007
47 10 0.005628
47 11 0.007757
47 12 0.010494
47 13 0.013937
47 14 0.018173
47 15 0.023270
47 16 0.029269
47 17 0.036169
47 18 0.043929
47 19 0.052455
47 20 0.061607
47 21 0.071198
47 22 0.081008
47 23 0.090792
47 24 0.100297
47 25 0.109275
47 26 0.117497
47 27 0.124765
47 28 0.130913
47 29 0.135814
47 30 0.139375
47 31 0.141534
47 32 0.142258
47 33 0.141534
47 34 0.139375
47 35 0.135814
47 36 0.130913
47 37 0.124765
47 38 0.117497
47 39 0.109275
47 40 0.100297
47 41 0.090792
47 42 0.081008
47 43 0.071198
47 44 0.061607
47 45 0.052455
47 46 0.043929
47 47 0.036169
47 48 0.029269
47 49 0.023270
47 50 0.018173
47 51 0.013937
47 52 0.010494
47 53 0.007757
47 54 0.005628
47 55 0.004007
47 56 0.002799
47 57 0.001916
47 58 0.001282
47 59 0.000835
47 60 0.000524
47 61 0.000303
47 62 0.000138
47 63 0.000000

48 0 0.000000
48 1 0.000067
48 2 0.000149
48 3 0.000261
48 4 0.000423
48 5 0.000662
48 6 0.001010
48 7 0.001507
48 8 0.002203
48 9 0.003162
48 10 0.004452
48 11 0.006153
48 12 0.008349
48 13 0.011122
48 14 0.014549
48 15 0.018694
48 16 0.023596
48 17 0.029269
48 18 0.035686
48 19 0.042785
48 20 0.050458
48 21 0.058561
48 22 0.066915
48 23 0.075317
48 24 0.083549
48 25 0.091394
48 26 0.098641
48 27 0.105101
48 28 0.110607
48 29 0.115026
48 30 0.118255
48 31 0.120220
48 32 0.120880
48 33 0.120220
48 34 0.118255
48 35 0.115026
48 36 0.110607
48 37 0.105101
48 38 0.098641
48 39 0.091394
48 40 0.083549
48 41 0.075317
48 42 0.066915
48 43 0.058561
48 44 0.050458
48 45 0.042785
48 46 0.035686
48 47 0.029269
48 48 0.023596
48 49 0.018694
48 50 0.014549
48 51 0.011122
48 52 0.008349
48 53 0.006153
48 54 0.004452
48 55 0.003161
48 56 0.002203
48 57 0.001505
48 58 0.001005
48 59 0.000653
48 60 0.000409
48 61 0.000237
48 62 0.000107
48 63 0.000000

49 0 0.000000
49 1 0.000051
49 2 0.000114
49 3 0.000200
49 4 0.000325
49 5 0.000509
49 6 0.000778
49 7 0.001163
49 8 0.001705
49 9 0.002453
49 10 0.003463
49 11 0.004799
49 12 0.006530
49 13 0.008725
49 14 0.011449
49 15 0.014759
49 16 0.018694
49 17 0.023270
49 18 0.028478
49 19 0.034272
49 20 0.040576
49 21 0.047277
49 22 0.054234
49 23 0.061282
49 24 0.068238
49 25 0.074915
49 26 0.081128
49 27 0.086703
49 28 0.091485
49 29 0.095343
49 30 0.098173
49 31 0.099901
49 32 0.100482
49 33 0.099901
49 34 0.098173
49 35 0.095343
49 36 0.091485
49 37 0.086703
49 38 0.081128
49 39 0.074915
49 40 0.068238
49 41 0.061282
49 42 0.054234
49 43 0.047277
49 44 0.040576
49 45 0.034272
49 46 0.028478
49 47 0.023270
49 48 0.018694
49 49 0.014759
49 50 0.011449
49 51 0.008725
49 52 0.006530
49 53 0.004799
49 54 0.003463
49 55 0.002453
49 56 0.001705
49 57 0.001162
49 58 0.000774
49 59 0.000502
49 60 0.000314
49 61 0.000181
49 62 0.000082
49 63 0.000000

50 0 0.000000
50 1 0.000038
50 2 0.000086
50 3 0.000150
50 4 0.000245
50 5 0.000385
50 6 0.000589
50 7 0.000883
50 8 0.001297
50 9 0.001870
50 10 0.002647
50 11 0.003678
50 12 0.005019
50 13 0.006726
50 14 0.008853
50 15 0.011449
50 16 0.014549
50 17 0.018173
50 18 0.022317
50 19 0.026955
50 20 0.032028
50 21 0.037454
50 22 0.043121
50 23 0.048898
50 24 0.054636
50 25 0.060178
50 26 0.065365
50 27 0.070045
50 28 0.074080
50 29 0.077349
50 30 0.079756
50 31 0.081228
50 32 0.081724
50 33 0.081228
50 34 0.079756
50 35 0.077349
50 36 0.074080
50 37 0.070045
50 38 0.065365
50 39 0.060178
50 40 0.054636
50 41 0.048898
50 42 0.043121
50 43 0.037454
50 44 0.032028
50 45 0.026955
50 46 0.022317
50 47 0.018173
50 48 0.014549
50 49 0.011449
50 50 0.008853
50 51 0.006726
50 52 0.005019
50 53 0.003678
50 54 0.002647
50 55 0.001870
50 56 0.001297
50 57 0.000882
50 58 0.000586
50 59 0.000380
50 60 0.000237
50 61 0.000137
50 62 0.000062
50 63 0.000000

51 0 0.000000
51 1 0.000028
51 2 0.000063
51 3 0.000111
51 4 0.000182
51 5 0.000286
51 6 0.000439
51 7 0.000659
51 8 0.000970
51 9 0.001402
51 10 0.001989
51 11 0.002771
51 12 0.003791
51 13 0.005095
51 14 0.006726
51 15 0.008725
51 16 0.011122
51 17 0.013937
51 18 0.017172
51 19 0.020810
51 20 0.024810
51 21 0.029111
51 22 0.033628
51 23 0.038257
51 24 0.042880
51 25 0.047369
51 26 0.051591
51 27 0.055419
51 28 0.058732
51 29 0.061426
51 30 0.063414
51 31 0.064634
51 32 0.065045
51 33 0.064634
51 34 0.063414
51 35 0.061426
51 36 0.058732
51 37 0.055419
51 38 0.051591
51 39 0.047369
51 40 0.042880
51 41 0.038257
51 42 0.033628
51 43 0.029111
51 44 0.024810
51 45 0.020810
51 46 0.017172
51 47 0.013937
51 48 0.011122
51 49 0.008725
51 50 0.006726
51 51 0.005095
51 52 0.003791
51 53 0.002771
51 54 0.001989
51 55 0.001402
51 56 0.000970
51 57 0.000658
51 58 0.000437
51 59 0.000282
51 60 0.000176
51 61 0.000101
51 62 0.000046
51 63 0.000000

52 0 0.000000
52 1 0.000021
52 2 0.000046
52 3 0.000081
52 4 0.000132
52 5 0.000209
52 6 0.000321
52 7 0.000483
52 8 0.000712
52 9 0.001032
52 10 0.001468
52 11 0.002051
52 12 0.002813
52 13 0.003791
52 14 0.005019
52 15 0.006530
52 16 0.008349
52 17 0.010494
52 18 0.012970
52 19 0.015767
52 20 0.018858
52 21 0.022196
52 22 0.025719
52 23 0.029347
52 24 0.032987
52 25 0.036537
52 26 0.039890
52 27 0.042943
52 28 0.045594
52 29 0.047756
52 30 0.049355
52 31 0.050338
52 32 0.050669
52 33 0.050338
52 34 0.049355
52 35 0.047756
52 36 0.045594
52 37 0.042943
52 38 0.039890
52 39 0.036537
52 40 0.032987
52 41 0.029347
52 42 0.025719
52 43 0.022196
52 44 0.018858
52 45 0.015767
52 46 0.012970
52 47 0.010494
52 48 0.008349
52 49 0.006530
52 50 0.005019
52 51 0.003791
52 52 0.002813
52 53 0.002051
52 54 0.001468
52 55 0.001032
52 56 0.000712
52 57 0.000482
52 58 0.000319
52 59 0.000206
52 60 0.000128
52 61 0.000074
52 62 0.000033
52 63 0.000000

53 0 0.000000
53 1 0.000015
53 2 0.000033
53 3 0.000058
53 4 0.000095
53 5 0.000150
53 6 0.000231
53 7 0.000348
53 8 0.000514
53 9 0.000747
53 10 0.001065
53 11 0.001491
53 12 0.002051
53 13 0.002771
53 14 0.003678
53 15 0.004799
53 16 0.006153
53 17 0.007757
53 18 0.009615
53 19 0.011723
53 20 0.014062
53 21 0.016600
53 22 0.019289
53 23 0.022070
53 24 0.024871
53 25 0.027615
53 26 0.030216
53 27 0.032591
53 28 0.034661
53 29 0.036352
53 30 0.037606
53 31 0.038378
53 32 0.038638
53 33 0.038378
53 34 0.037606
53 35 0.036352
53 36 0.034661
53 37 0.032591
53 38 0.030216
53 39 0.027615
53 40 0.024871
53 41 0.022070
53 42 0.019289
53 43 0.016600
53 44 0.014062
53 45 0.011723
53 46 0.009615
53 47 0.007757
53 48 0.006153
53 49 0.004799
53 50 0.003678
53 51 0.002771
53 52 0.002051
53 53 0.001491
53 54 0.001065
53 55 0.000747
53 56 0.000514
53 57 0.000347
53 58 0.000230
53 59 0.000148
53 60 0.000092
53 61 0.000053
53 62 0.000024
53 63 0.000000

54 0 0.000000
54 1 0.000010
54 2 0.000023
54 3 0.000041
54 4 0.000067
54 5 0.000106
54 6 0.000163
54 7 0.000246
54 8 0.000365
54 9 0.000531
54 10 0.000759
54 11 0.001065
54 12 0.001468
54 13 0.001989
54 14 0.002647
54 15 0.003463
54 16 0.004452
54 17 0.005628
54 18 0.006995
54 19 0.008552
54 20 0.010287
54 21 0.012175
54 22 0.014185
54 23 0.016271
54 24 0.018380
54 25 0.020452
54 26 0.022423
54 27 0.024228
54 28 0.025805
54 29 0.027097
54 30 0.028056
54 31 0.028646
54 32 0.028846
54 33 0.028646
54 34 0.028056
54 35 0.027097
54 36 0.025805
54 37 0.024228
54 38 0.022423
54 39 0.020452
54 40 0.018380
54 41 0.016271
54 42 0.014185
54 43 0.012175
54 44 0.010287
54 45 0.008552
54 46 0.006995
54 47 0.005628
54 48 0.004452
54 49 0.003463
54 50 0.002647
54 51 0.001989
54 52 0.001468
54 53 0.001065
54 54 0.000759
54 55 0.000531
54 56 0.000365
54 57 0.000246
54 58 0.000162
54 59 0.000104
54 60 0.000065
54 61 0.000037
54 62 0.000017
54 63 0.000000

55 0 0.000000
55 1 0.000007
55 2 0.000016
55 3 0.000028
55 4 0.000046
55 5 0.000073
55 6 0.000113
55 7 0.000171
55 8 0.000254
55 9 0.000371
55 10 0.000531
55 11 0.000747
55 12 0.001032
55 13 0.001402
55 14 0.001870
55 15 0.002453
55 16 0.003161
55 17 0.004007
55 18 0.004993
55 19 0.006121
55 20 0.007381
55 21 0.008758
55 22 0.010228
55 23 0.011759
55 24 0.013312
55 25 0.014842
55 26 0.016303
55 27 0.017643
55 28 0.018817
55 29 0.019780
55 30 0.020496
55 31 0.020937
55 32 0.021086
55 33 0.020937
55 34 0.020496
55 35 0.019780
55 36 0.018817
55 37 0.017643
55 38 0.016303
55 39 0.014842
55 40 0.013312
55 41 0.011759
55 42 0.010228
55 43 0.008758
55 44 0.007381
55 45 0.006121
55 46 0.004993
55 47 0.004007
55 48 0.003161
55 49 0.002453
55 50 0.001870
55 51 0.001402
55 52 0.001032
55 53 0.000747
55 54 0.000531
55 55 0.000371
55 56 0.000254
55 57 0.000171
55 58 0.000113
55 59 0.000072
55 60 0.000045
55 61 0.000026
55 62 0.000012
55 63 0.000000

56 0 0.000000
56 1 0.000005
56 2 0.000011
56 3 0.000019
56 4 0.000031
56 5 0.000050
56 6 0.000077
56 7 0.000117
56 8 0.000174
56 9 0.000254
56 10 0.000365
56 11 0.000514
56 12 0.000712
56 13 0.000970
56 14 0.001297
56 15 0.001705
56 16 0.002203
56 17 0.002799
56 18 0.003496
56 19 0.004296
56 20 0.005193
56 21 0.006176
56 22 0.007229
56 23 0.008328
56 24 0.009447
56 25 0.010552
56 26 0.011610
56 27 0.012583
56 28 0.013436
56 29 0.014137
56 30 0.014659
56 31 0.014981
56 32 0.015090
56 33 0.014981
56 34 0.014659
56 35 0.014137
56 36 0.013436
56 37 0.012583
56 38 0.011610
56 39 0.010552
56 40 0.009447
56 41 0.008328
56 42 0.007229
56 43 0.006176
56 44 0.005193
56 45 0.004296
56 46 0.003496
56 47 0.002799
56 48 0.002203
56 49 0.001705
56 50 0.001297
56 51 0.000970
56 52 0.000712
56 53 0.000514
56 54 0.000365
56 55 0.000254
56 56 0.000174
56 57 0.000117
56 58 0.000077
56 59 0.000049
56 60 0.000030
56 61 0.000017
56 62 0.000008
56 63 0.000000

57 0 0.000000
57 1 0.000003
57 2 0.000007
57 3 0.000013
57 4 0.000021
57 5 0.000033
57 6 0.000051
57 7 0.000078
57 8 0.000117
57 9 0.000171
57 10 0.000246
57 11 0.000347
57 12 0.000482
57 13 0.000658
57 14 0.000882
57 15 0.001162
57 16 0.001505
57 17 0.001916
57 18 0.002399
57 19 0.002954
57 20 0.003579
57 21 0.004265
57 22 0.005002
57 23 0.005774
57 24 0.006562
57 25 0.007342
57 26 0.008089
57 27 0.008778
57 28 0.009384
57 29 0.009882
57 30 0.010254
57 31 0.010483
57 32 0.010560
57 33 0.010483
57 34 0.010254
57 35 0.009882
57 36 0.009384
57 37 0.008778
57 38 0.008089
57 39 0.007342
57 40 0.006562
57 41 0.005774
57 42 0.005002
57 43 0.004265
57 44 0.003579
57 45 0.002954
57 46 0.002399
57 47 0.001916
57 48 0.001505
57 49 0.001162
57 50 0.000882
57 51 0.000658
57 52 0.000482
57 53 0.000347
57 54 0.000246
57 55 0.000171
57 56 0.000117
57 57 0.000078
57 58 0.000051
57 59 0.000033
57 60 0.000020
57 61 0.000012
57 62 0.000005
57 63 0.000000

58 0 0.000000
58 1 0.000002
58 2 0.000005
58 3 0.000008
58 4 0.000014
58 5 0.000022
58 6 0.000034
58 7 0.000051
58 8 0.000077
58 9 0.000113
58 10 0.000162
58 11 0.000230
58 12 0.000319
58 13 0.000437
58 14 0.000586
58 15 0.000774
58 16 0.001005
58 17 0.001282
58 18 0.001609
58 19 0.001985
58 20 0.002409
58 21 0.002876
58 22 0.003379
58 23 0.003907
58 24 0.004447
58 25 0.004983
58 26 0.005497
58 27 0.005972
58 28 0.006390
58 29 0.006734
58 30 0.006991
58 31 0.007150
58 32 0.007203
58 33 0.007150
58 34 0.006991
58 35 0.006734
58 36 0.006390
58 37 0.005972
58 38 0.005497
58 39 0.004983
58 40 0.004447
58 41 0.003907
58 42 0.003379
58 43 0.002876
58 44 0.002409
58 45 0.001985
58 46 0.001609
58 47 0.001282
58 48 0.001005
58 49 0.000774
58 50 0.000586
58 51 0.000437
58 52 0.000319
58 53 0.000230
58 54 0.000162
58 55 0.000113
58 56 0.000077
58 57 0.000051
58 58 0.000034
58 59 0.000021
58 60 0.000013
58 61 0.000008
58 62 0.000003
58 63 0.000000

59 0 0.000000
59 1 0.000001
59 2 0.000003
59 3 0.000005
59 4 0.000009
59 5 0.000014
59 6 0.000022
59 7 0.000033
59 8 0.000049
59 9 0.000072
59 10 0.000104
59 11 0.000148
59 12 0.000206
59 13 0.000282
59 14 0.000380
59 15 0.000502
59 16 0.000653
59 17 0.000835
59 18 0.001049
59 19 0.001297
59 20 0.001576
59 21 0.001885
59 22 0.002219
59 23 0.002569
59 24 0.002928
59 25 0.003285
59 26 0.003628
59 27 0.003946
59 28 0.004225
59 29 0.004456
59 30 0.004628
59 31 0.004735
59 32 0.004771
59 33 0.004735
59 34 0.004628
59 35 0.004456
59 36 0.004225
59 37 0.003946
59 38 0.003628
59 39 0.003285
59 40 0.002928
59 41 0.002569
59 42 0.002219
59 43 0.001885
59 44 0.001576
59 45 0.001297
59 46 0.001049
59 47 0.000835
59 48 0.000653
59 49 0.000502
59 50 0.000380
59 51 0.000282
59 52 0.000206
59 53 0.000148
59 54 0.000104
59 55 0.000072
59 56 0.000049
59 57 0.000033
59 58 0.000021
59 59 0.000014
59 60 0.000008
59 61 0.000005
59 62 0.000002
59 63 0.000000

60 0 0.000000
60 1 0.000001
60 2 0.000002
60 3 0.000003
60 4 0.000005
60 5 0.000008
60 6 0.000013
60 7 0.000020
60 8 0.000030
60 9 0.000045
60 10 0.000065
60 11 0.000092
60 12 0.000128
60 13 0.000176
60 14 0.000237
60 15 0.000314
60 16 0.000409
60 17 0.000524
60 18 0.000660
60 19 0.000817
60 20 0.000995
60 21 0.001192
60 22 0.001405
60 23 0.001629
60 24 0.001859
60 25 0.002089
60 26 0.002310
60 27 0.002514
60 28 0.002695
60 29 0.002844
60 30 0.002955
60 31 0.003024
60 32 0.003047
60 33 0.003024
60 34 0.002955
60 35 0.002844
60 36 0.002695
60 37 0.002514
60 38 0.002310
60 39 0.002089
60 40 0.001859
60 41 0.001629
60 42 0.001405
60 43 0.001192
60 44 0.000995
60 45 0.000817
60 46 0.000660
60 47 0.000524
60 48 0.000409
60 49 0.000314
60 50 0.000237
60 51 0.000176
60 52 0.000128
60 53 0.000092
60 54 0.000065
60 55 0.000045
60 56 0.000030
60 57 0.000020
60 58 0.000013
60 59 0.000008
60 60 0.000005
60 61 0.000003
60 62 0.000001
60 63 0.000000

61 0 0.000000
61 1 0.000000
61 2 0.000001
61 3 0.000002
61 4 0.000003
61 5 0.000005
61 6 0.000008
61 7 0.000012
61 8 0.000017
61 9 0.000026
61 10 0.000037
61 11 0.000053
61 12 0.000074
61 13 0.000101
61 14 0.000137
61 15 0.000181
61 16 0.000237
61 17 0.000303
61 18 0.000383
61 19 0.000474
61 20 0.000579
61 21 0.000694
61 22 0.000819
61 23 0.000951
61 24 0.001087
61 25 0.001222
61 26 0.001352
61 27 0.001473
61 28 0.001580
61 29 0.001668
61 30 0.001734
61 31 0.001774
61 32 0.001788
61 33 0.001774
61 34 0.001734
61 35 0.001668
61 36 0.001580
61 37 0.001473
61 38 0.001352
61 39 0.001222
61 40 0.001087
61 41 0.000951
61 42 0.000819
61 43 0.000694
61 44 0.000579
61 45 0.000474
61 46 0.000383
61 47 0.000303
61 48 0.000237
61 49 0.000181
61 50 0.000137
61 51 0.000101
61 52 0.000074
61 53 0.000053
61 54 0.000037
61 55 0.000026
61 56 0.000017
61 57 0.000012
61 58 0.000008
61 59 0.000005
61 60 0.000003
61 61 0.000002
61 62 0.000001
61 63 0.000000

62 0 0.000000
62 1 0.000000
62 2 0.000000
62 3 0.000001
62 4 0.000001
62 5 0.000002
62 6 0.000003
62 7 0.000005
62 8 0.000008
62 9 0.000012
62 10 0.000017
62 11 0.000024
62 12 0.000033
62 13 0.000046
62 14 0.000062
62 15 0.000082
62 16 0.000107
62 17 0.000138
62 18 0.000174
62 19 0.000216
62 20 0.000263
62 21 0.000316
62 22 0.000373
62 23 0.000434
62 24 0.000496
62 25 0.000558
62 26 0.000618
62 27 0.000673
62 28 0.000722
62 29 0.000763
62 30 0.000793
62 31 0.000812
62 32 0.000818
62 33 0.000812
62 34 0.000793
62 35 0.000763
62 36 0.000722
62 37 0.000673
62 38 0.000618
62 39 0.000558
62 40 0.000496
62 41 0.000434
62 42 0.000373
62 43 0.000316
62 44 0.000263
62 45 0.000216
62 46 0.000174
62 47 0.000138
62 48 0.000107
62 49 0.000082
62 50 0.000062
62 51 0.000046
62 52 0.000033
62 53 0.000024
62 54 0.000017
62 55 0.000012
62 56 0.000008
62 57 0.000005
62 58 0.000003
62 59 0.000002
62 60 0.000001
62 61 0.000001
62 62 0.000000
62 63 0.000000

63 0 0.000000
63 1 0.000000
63 2 0.000000
63 3 0.000000
63 4 0.000000
63 5 0.000000
63 6 0.000000
63 7 0.000000
63 8 0.000000
63 9 0.000000
63 10 0.000000
63 11 0.000000
63 12 0.000000
63 13 0.000000
63 14 0.000000
63 15 0.000000
63 16 0.000000
63 17 0.000000
63 18 0.000000
63 19 0.000000
63 20 0.000000
63 21 0.000000
63 22 0.000000
63 23 0.000000
63 24 0.000000
63 25 0.000000
63 26 0.000000
63 27 0.000000
63 28 0.000000
63 29 0.000000
63 30 0.000000
63 31 0.000000
63 32 0.000000
63 33 0.000000
63 34 0.000000
63 35 0.000000
63 36 0.000000
63 37 0.000000
63 38 0.000000
63 39 0.000000
63 40 0.000000
63 41 0.000000
63 42 0.000000
63 43 0.000000
63 44 0.000000
63 45 0.000000
63 46 0.000000
63 47 0.000000
63 48 0.000000
63 49 0.000000
63 50 0.000000
63 51 0.000000
63 52 0.000000
63 53 0.000000
63 54 0.000000
63 55 0.000000
63 56 0.000000
63 57 0.000000
63 58 0.000000
63 59 0.000000
63 60 0.000000
63 61 0.000000
63 62 0.000000
63 63 0.000000

